{
  "info": "Approach A softmax T=1.0, RMSD=9.6388",
  "rmsd": 9.638760584497078,
  "bone_transforms": {
    "Bip01 L Clavicle": {
      "translation": [
        0.7008311152458191,
        0.06184445694088936,
        2.6834709644317627
      ],
      "rotation": [
        0.06626215336793821,
        0.5968415308531693,
        -0.179601588374763,
        0.7791872583231528
      ]
    },
    "Bip01 L UpperArm": {
      "translation": [
        8.475200653076172,
        -1.338625224889256e-06,
        -6.112353275966598e-06
      ],
      "rotation": [
        0.8827123118144743,
        -0.2906291833801644,
        -0.3337667000826136,
        0.15796658588096324
      ]
    },
    "Bip01 L Forearm": {
      "translation": [
        21.84796142578125,
        -3.122724820059375e-06,
        3.640986960817827e-07
      ],
      "rotation": [
        0.9882372293249745,
        -0.012568348201003205,
        -0.029550141295278127,
        0.1495192440758887
      ]
    },
    "Bip01 L Hand": {
      "translation": [
        14.776345252990723,
        2.002673909373698e-06,
        3.908487258286186e-07
      ],
      "rotation": [
        0.4902125101378458,
        0.8697891070538463,
        -0.04032000230716288,
        -0.03915228689074938
      ]
    },
    "Bip01 L Finger0": {
      "translation": [
        2.626380205154419,
        1.341089129447937,
        -2.090733051300049
      ],
      "rotation": [
        0.7767663000628722,
        -0.5335032199455767,
        -0.33454263786017335,
        -0.009468518780393821
      ]
    },
    "Bip01 L Finger01": {
      "translation": [
        2.641033172607422,
        -2.3453594621969387e-07,
        1.5513261075739138e-07
      ],
      "rotation": [
        0.993466836797779,
        -0.003963630627112245,
        -0.014052090686739923,
        -0.11318335815215295
      ]
    },
    "Bip01 L Finger02": {
      "translation": [
        2.380427360534668,
        -1.0463288617756916e-06,
        -2.6190113544544147e-07
      ],
      "rotation": [
        0.9928102532279626,
        -2.5420034177522746e-08,
        -3.248643322675919e-08,
        -0.11969879316612662
      ]
    },
    "Bip01 L Finger1": {
      "translation": [
        7.282958030700684,
        -0.3325541615486145,
        -2.894252300262451
      ],
      "rotation": [
        0.9867718915137252,
        -0.0031222791358586775,
        -0.04843215608285304,
        -0.15467970697085295
      ]
    },
    "Bip01 L Finger11": {
      "translation": [
        3.0590381622314453,
        -7.088840447977418e-07,
        1.6981113049041596e-06
      ],
      "rotation": [
        0.9840394642685354,
        -0.0014615660699091825,
        0.00871932104327286,
        -0.17773061083353522
      ]
    },
    "Bip01 L Finger12": {
      "translation": [
        1.7339287996292114,
        -5.302651970851002e-07,
        -7.217856250463228e-07
      ],
      "rotation": [
        0.9895005952166628,
        0.0,
        -1.0867174858412089e-08,
        -0.14452879320699355
      ]
    },
    "Bip01 L Finger2": {
      "translation": [
        7.514658451080322,
        -0.7525814175605774,
        -0.9043638706207275
      ],
      "rotation": [
        0.9855201380866226,
        0.005197297150116196,
        -0.019715762047033278,
        -0.16832805546005253
      ]
    },
    "Bip01 L Finger21": {
      "translation": [
        3.326688051223755,
        2.294985506523517e-06,
        -2.338275777447052e-07
      ],
      "rotation": [
        0.9846236021287181,
        -7.92417698522196e-05,
        0.007793875514881342,
        -0.17451536137620707
      ]
    },
    "Bip01 L Finger22": {
      "translation": [
        2.3314788341522217,
        -1.3756575754086953e-06,
        -2.5762337827472948e-06
      ],
      "rotation": [
        0.9822208362972892,
        0.0,
        0.0,
        -0.18772913663961174
      ]
    },
    "Bip01 L Finger3": {
      "translation": [
        7.40522575378418,
        -0.6813080906867981,
        0.8325445055961609
      ],
      "rotation": [
        0.9834922692223494,
        0.04797991092620827,
        0.025572014841580087,
        -0.17258898164230793
      ]
    },
    "Bip01 L Finger31": {
      "translation": [
        3.025402307510376,
        -1.3189381320444227e-07,
        -3.7710035485361004e-06
      ],
      "rotation": [
        0.9755739412359313,
        0.0009202162462969515,
        -0.00016066234244157252,
        -0.2196693255123788
      ]
    },
    "Bip01 L Finger32": {
      "translation": [
        2.0525994300842285,
        -1.8778500816551968e-06,
        5.015454462409252e-06
      ],
      "rotation": [
        0.9947891627808926,
        0.0,
        -1.210987640917184e-08,
        -0.10195352673493324
      ]
    },
    "Bip01 L Finger4": {
      "translation": [
        6.811607360839844,
        0.43767592310905457,
        2.3640129566192627
      ],
      "rotation": [
        0.9933438876436158,
        0.07480146918237233,
        0.06994770244280953,
        -0.05272551576038328
      ]
    },
    "Bip01 L Finger41": {
      "translation": [
        2.17343807220459,
        -2.9519480904127704e-07,
        -3.065781299937953e-07
      ],
      "rotation": [
        0.9838407987319201,
        0.0007046632283217774,
        -0.0018538999811380365,
        -0.1790344918029266
      ]
    },
    "Bip01 L Finger42": {
      "translation": [
        1.2884008884429932,
        4.2352755258434627e-07,
        -8.61472813085129e-07
      ],
      "rotation": [
        0.9872363551483698,
        0.0,
        -1.1726174395875813e-08,
        -0.15926198251108672
      ]
    },
    "Bip01 L ForearmTwist": {
      "translation": [
        8.629737749288324e-06,
        -1.9208308003726415e-05,
        1.0474711871211184e-06
      ],
      "rotation": [
        0.4782107469331429,
        0.8782451147129762,
        6.062137454769487e-07,
        -2.634872087700438e-07
      ]
    },
    "Bip01 L UpperArmTwist": {
      "translation": [
        12.444856643676758,
        -1.2067132956872229e-05,
        3.3066582545870915e-05
      ],
      "rotation": [
        -0.0003208915928377573,
        0.0002615874150699781,
        0.7822319988953671,
        0.62298710139518
      ]
    },
    "Bip01 R Clavicle": {
      "translation": [
        1.4715602446813136e-05,
        0.0633944422006607,
        -2.773442268371582
      ],
      "rotation": [
        0.09970231115842151,
        -0.6268625521981084,
        0.14671273353339093,
        0.758668678423265
      ]
    },
    "Bip01 R UpperArm": {
      "translation": [
        8.475198745727539,
        -1.1614784511948528e-07,
        -1.2788989351975033e-06
      ],
      "rotation": [
        0.9087487376716227,
        0.0632486264643253,
        0.39832408320252727,
        0.10729989641875179
      ]
    },
    "Bip01 R Forearm": {
      "translation": [
        21.847959518432617,
        1.3254145869723288e-06,
        1.9783292373176664e-06
      ],
      "rotation": [
        0.9860900239987194,
        0.06379093821350101,
        0.07863646042774787,
        0.1318085272789347
      ]
    },
    "Bip01 R Hand": {
      "translation": [
        14.77635383605957,
        4.08076147095926e-07,
        9.181113114209438e-07
      ],
      "rotation": [
        0.6187297703248128,
        -0.7836425240968112,
        0.03162553542960576,
        -0.0455816986275599
      ]
    },
    "Bip01 R Finger0": {
      "translation": [
        2.6263771057128906,
        1.341097116470337,
        2.0907363891601562
      ],
      "rotation": [
        0.775455382808791,
        0.5300227277421661,
        0.34280189381053744,
        -0.01522231748238028
      ]
    },
    "Bip01 R Finger01": {
      "translation": [
        2.6410324573516846,
        -2.1494372504093917e-06,
        -7.061083124426659e-06
      ],
      "rotation": [
        0.9941776555886326,
        -0.002739634153608047,
        0.005123345385515056,
        -0.10759663036106337
      ]
    },
    "Bip01 R Finger1": {
      "translation": [
        7.282958030700684,
        -0.33254653215408325,
        2.894252061843872
      ],
      "rotation": [
        0.984321774279879,
        0.0013901894928601173,
        0.051697477144680815,
        -0.16863001781580947
      ]
    },
    "Bip01 R Finger11": {
      "translation": [
        3.0590381622314453,
        2.4644559744047e-06,
        -1.330263671661669e-06
      ],
      "rotation": [
        0.9882826694087964,
        0.002685082206561693,
        -0.016242526954523384,
        -0.15174431125383078
      ]
    },
    "Bip01 R Finger2": {
      "translation": [
        7.514658451080322,
        -0.7525759935379028,
        0.9043629765510559
      ],
      "rotation": [
        0.9846614922166894,
        0.0003959493253022099,
        0.02283700657681707,
        -0.17297416020997153
      ]
    },
    "Bip01 R Finger21": {
      "translation": [
        3.326685667037964,
        -1.3326173302630195e-06,
        -2.2236284280552354e-07
      ],
      "rotation": [
        0.9845767355414006,
        0.0013266367997155316,
        -0.0110853582430398,
        -0.17459669727135158
      ]
    },
    "Bip01 R Finger3": {
      "translation": [
        7.405224800109863,
        -0.681304395198822,
        -0.8325439095497131
      ],
      "rotation": [
        0.9799992137908935,
        -0.046362087442456894,
        -0.02647959766240981,
        -0.1917053174141121
      ]
    },
    "Bip01 R Finger31": {
      "translation": [
        3.0254013538360596,
        -5.831750513607403e-06,
        -3.61666650405823e-07
      ],
      "rotation": [
        0.9848028854213141,
        -0.00043469789088563274,
        0.0009548025674624666,
        -0.17367261227854805
      ]
    },
    "Bip01 R Finger4": {
      "translation": [
        6.811605930328369,
        0.43768367171287537,
        -2.364013671875
      ],
      "rotation": [
        0.992292439915279,
        -0.07526109050711428,
        -0.07046007064377038,
        -0.06875216642068248
      ]
    },
    "Bip01 R Finger41": {
      "translation": [
        2.1734375953674316,
        9.454051763668758e-08,
        -1.5177309364844405e-07
      ],
      "rotation": [
        0.988430743911672,
        -0.0005066085356568137,
        0.00431650782512769,
        -0.15161060516403824
      ]
    },
    "Bip01 R ForearmTwist": {
      "translation": [
        -3.845555056614103e-06,
        1.8697503037401475e-05,
        2.512930450393469e-07
      ],
      "rotation": [
        0.5941474682467048,
        -0.8043561313097379,
        5.876106243839312e-07,
        3.4259836913172376e-07
      ]
    },
    "Bip01 R UpperArmTwist": {
      "translation": [
        12.444864273071289,
        1.5052894013933837e-05,
        5.635662091663107e-06
      ],
      "rotation": [
        -2.657244535288938e-07,
        -9.538420944563847e-08,
        0.7206342255810434,
        -0.6933154497926107
      ]
    },
    "Bip01 L Thigh": {
      "translation": [
        -1.2183964827272575e-05,
        5.479523679241538e-06,
        6.097043991088867
      ],
      "rotation": [
        0.0604439494703852,
        0.0005126624611983679,
        0.9684034643977185,
        0.24195246700978096
      ]
    },
    "Bip01 L Calf": {
      "translation": [
        33.67229461669922,
        4.296019255889405e-07,
        -3.237309726955573e-07
      ],
      "rotation": [
        0.9954546847465956,
        -0.05786423477575801,
        -0.02001580682047293,
        0.07294565392946593
      ]
    },
    "Bip01 L Foot": {
      "translation": [
        27.332307815551758,
        -1.2963281506017665e-06,
        9.262805633625248e-07
      ],
      "rotation": [
        0.9931990700369662,
        -0.027638232705732003,
        0.10556512377152878,
        -0.0405923639827898
      ]
    },
    "Bip01 R Thigh": {
      "translation": [
        8.487643754051533e-06,
        -1.1389493010938168e-05,
        -6.097044944763184
      ],
      "rotation": [
        -0.05846080628733639,
        -0.015298427846772034,
        0.9979804440789449,
        0.01957869938590283
      ]
    },
    "Bip01 R Calf": {
      "translation": [
        33.67228698730469,
        -5.2268749328732156e-08,
        2.2252804399158777e-07
      ],
      "rotation": [
        0.9968578194431563,
        0.023518774757565853,
        -0.01700463754694473,
        0.07370344191987074
      ]
    },
    "Bip01 R Foot": {
      "translation": [
        27.332311630249023,
        -6.37855706031587e-08,
        1.2556068895719363e-06
      ],
      "rotation": [
        0.977258818494692,
        -0.18845898741106465,
        -0.07551059094210359,
        -0.06120916919816224
      ]
    }
  },
  "world_positions": {
    "Scene Root": [
      0.0,
      0.0,
      0.0
    ],
    "Bip01": [
      6.006217176945938e-07,
      -0.8838649988174438,
      67.41400146484375
    ],
    "Bip01 NonAccum": [
      6.006217176945938e-07,
      -0.8838649988174438,
      67.41400146484375
    ],
    "Bip01 Pelvis": [
      -2.2062680205814085e-08,
      -0.46399998664855957,
      67.41400146484375
    ],
    "Bip01 Spine": [
      1.0858286754406716e-06,
      -0.4710567593680601,
      74.42671203614479
    ],
    "Bip01 Spine1": [
      -4.4584570390459425e-07,
      0.656884534215403,
      83.28433569722178
    ],
    "Bip01 Spine2": [
      -1.565588542185993e-07,
      0.5443540892735377,
      92.21280824661551
    ],
    "Bip01 Neck": [
      2.0257280930574895e-06,
      -0.811738989419317,
      106.06547459723446
    ],
    "Bip01 Neck1": [
      2.1137371563813544e-06,
      -0.8656461023452171,
      106.70650432584765
    ],
    "Bip01 Head": [
      2.665251044280576e-06,
      -1.1872342271247258,
      112.44112563901187
    ],
    "Camera01": [
      2.942862081094069e-06,
      -3.852329305149502,
      117.99987485065546
    ],
    "Bip01 L Clavicle": [
      -2.6834687690461,
      -0.8038364170571424,
      106.76898535698808
    ],
    "Bip01 L UpperArm": [
      -10.586777238034927,
      -3.4549938218823613,
      104.21132871876407
    ],
    "Bip01 L Forearm": [
      -22.215708801127235,
      -2.3327645555900616,
      85.74941845596723
    ],
    "Bip01 L Hand": [
      -27.966260178436485,
      2.4304034922962128,
      72.99857759543319
    ],
    "Bip01 L Finger0": [
      -27.64009444675004,
      5.452464656650314,
      71.04195639020139
    ],
    "Bip01 L Finger01": [
      -27.374478338134665,
      7.5453142283002945,
      69.45303939176902
    ],
    "Bip01 L Finger02": [
      -26.914116082956724,
      9.093776439711318,
      67.70467706196253
    ],
    "Bip01 L Finger1": [
      -30.647645347064696,
      7.349240947473949,
      67.50818657459641
    ],
    "Bip01 L Finger11": [
      -30.531558857562104,
      8.729015059839583,
      64.78046798319897
    ],
    "Bip01 L Finger12": [
      -29.946401846782976,
      9.451750281800797,
      63.316996625909724
    ],
    "Bip01 L Finger2": [
      -30.92524615521539,
      5.491263545627546,
      66.69540425005295
    ],
    "Bip01 L Finger21": [
      -30.755303007104814,
      6.823640917962997,
      63.65193790254209
    ],
    "Bip01 L Finger22": [
      -29.841587360464302,
      7.701723621600777,
      61.69492367130568
    ],
    "Bip01 L Finger3": [
      -30.660719060244944,
      3.8536626459404797,
      66.16419665178044
    ],
    "Bip01 L Finger31": [
      -30.363026772030707,
      4.850990805925811,
      63.32346474358532
    ],
    "Bip01 L Finger32": [
      -29.4883825867809,
      5.595724530455076,
      61.62243012541908
    ],
    "Bip01 L Finger4": [
      -29.278113357789252,
      2.4515118810905854,
      65.8953100938689
    ],
    "Bip01 L Finger41": [
      -29.558037430388822,
      2.9188566179599356,
      63.791254812214724
    ],
    "Bip01 L Finger42": [
      -29.350823817304672,
      3.3063283239319574,
      62.58009665987507
    ],
    "Bip01 L Wrist Helper": [
      -34.17295283566743,
      2.1163234224618703,
      69.79332020189312
    ],
    "Torch": [
      -28.70235152431723,
      6.963656368996523,
      67.6788406430645
    ],
    "Bip01 L ForearmTwist": [
      -22.21569499871761,
      -2.332743590822165,
      85.74941006206726
    ],
    "Bip01 L UpperArmTwist": [
      -17.056254865460254,
      -2.695782265164986,
      93.7318710341993
    ],
    "Bip01 L Shoulder Helper": [
      -10.364552975023042,
      -3.3067766535490994,
      104.2067142886537
    ],
    "Bip01 R Clavicle": [
      2.683473935542469,
      -0.8038287489584057,
      106.76898619962004
    ],
    "Bip01 R UpperArm": [
      10.586783811020197,
      -3.454961114768836,
      104.21132451668234
    ],
    "Bip01 R Forearm": [
      22.215702025330053,
      -2.332662067512571,
      85.74941600107331
    ],
    "Bip01 R Hand": [
      27.966271306028858,
      2.430550258232722,
      72.99859598122411
    ],
    "Bip01 R Finger0": [
      27.640098331768044,
      5.45261662858036,
      71.04199069391589
    ],
    "Bip01 R Finger01": [
      27.37449587738792,
      7.545456364333968,
      69.45311362351394
    ],
    "Bip01 R Finger02": [
      26.914131187122813,
      9.093923758360381,
      67.70475299701164
    ],
    "Bip01 R Finger1": [
      30.647648324269227,
      7.349400114425741,
      67.5082500000986
    ],
    "Bip01 R Finger11": [
      30.53155762394194,
      8.729183766020931,
      64.78053382127462
    ],
    "Bip01 R Finger12": [
      29.94639948131324,
      9.451924720842594,
      63.31706096463964
    ],
    "Bip01 R Finger2": [
      30.925252333499483,
      5.491432126318914,
      66.69544019759684
    ],
    "Bip01 R Finger21": [
      30.755321778158976,
      6.823819562637395,
      63.65197075078192
    ],
    "Bip01 R Finger22": [
      29.8416088870952,
      7.7019059028904024,
      61.69495893338599
    ],
    "Bip01 R Finger3": [
      30.660732692895174,
      3.853834131130302,
      66.16421198440348
    ],
    "Bip01 R Finger31": [
      30.363053516128772,
      4.851168984169659,
      63.323478814480666
    ],
    "Bip01 R Finger32": [
      29.488410038998587,
      5.595905428265431,
      61.62243850582732
    ],
    "Bip01 R Finger4": [
      29.278134358364266,
      2.4516818485134038,
      65.89530965256814
    ],
    "Bip01 R Finger41": [
      29.558075312684746,
      2.9190294196922935,
      63.79125385450923
    ],
    "Bip01 R Finger42": [
      29.350862388975386,
      3.306503806832995,
      62.580094957027626
    ],
    "Bip01 R Wrist Helper": [
      34.233414726922405,
      2.127735499357364,
      69.7380663878984
    ],
    "Weapon": [
      28.37948928858084,
      5.295653933458025,
      67.83423129562136
    ],
    "Bip01 R ForearmTwist": [
      22.2157027479366,
      -2.3326810061202674,
      85.74941370867754
    ],
    "Bip01 R UpperArmTwist": [
      17.056225860488055,
      -2.6957378852070812,
      93.73183539515773
    ],
    "Bip01 R Shoulder Helper": [
      10.586782291066672,
      -3.4549601789191886,
      104.21131676601149
    ],
    "BackWeapon": [
      -11.62689604639289,
      -7.971600918398593,
      114.24899185271902
    ],
    "Quiver": [
      7.416909469054602,
      -11.865799447452718,
      79.64498799664636
    ],
    "magicNode": [
      -3.855733267778689e-06,
      11.527944633400509,
      97.65100790912581
    ],
    "Bip01 L Thigh": [
      -6.333279475514862,
      -0.5567554641292213,
      67.44455318258358
    ],
    "Bip01 L Calf": [
      -10.209604955308432,
      -1.5976315472906404,
      34.03576338069227
    ],
    "Bip01 L Foot": [
      -12.543306175499529,
      -6.246072715068391,
      7.202028259071829
    ],
    "Bip01 L Toe0": [
      -15.250580405646609,
      2.946655301300922,
      -0.2977019066946508
    ],
    "Bip01 R Thigh": [
      6.3332840018444,
      -0.5567377611052781,
      67.44455351914462
    ],
    "Bip01 R Calf": [
      10.209609232169333,
      -1.5976119106658238,
      34.035752026966406
    ],
    "Bip01 R Foot": [
      12.543321293406802,
      -6.24605835704642,
      7.202003965452651
    ],
    "Bip01 R Toe0": [
      15.250567864129241,
      2.9466793775052214,
      -0.29772597789070543
    ],
    "SideWeapon": [
      -14.611090767395154,
      3.1418939287802115,
      76.06199646324689
    ]
  },
  "delta_matrices": {
    "Bip01 L Clavicle": [
      0.9902861904183926,
      0.1389956173084517,
      -0.0036871622717571054,
      0.0,
      -0.13812634637663004,
      0.9864434313143153,
      0.08860358493572204,
      0.0,
      0.015952757571000398,
      -0.0872335780428349,
      0.9960602024905022,
      0.0,
      -1.7405531626064135,
      9.635731466080578,
      1.1770687910111377,
      1.0
    ],
    "Bip01 L UpperArm": [
      0.5998639653090714,
      -0.07772034988322513,
      0.7963182954779081,
      0.0,
      -0.07373248514907307,
      0.9856660048370983,
      0.1517430856973895,
      0.0,
      -0.7966973276525715,
      -0.1497397172047799,
      0.5855350377006672,
      0.0,
      78.21270473959378,
      13.639201354794647,
      52.44813827801346,
      1.0
    ],
    "Bip01 L Forearm": [
      0.4779053260058621,
      -0.11441276498639984,
      0.8709284088076692,
      -8.309668506032655e-20,
      0.057537140690402284,
      0.9934292197402708,
      0.09893315993591441,
      -1.435942888324808e-20,
      -0.8765248704655135,
      0.002830068369028088,
      0.48134813518555525,
      1.0625515839041694e-18,
      82.81680504879597,
      -3.074327860979977,
      65.31510108427605,
      0.9999999999999999
    ],
    "Bip01 L Hand": [
      0.3112174586132494,
      -0.10242400350820556,
      0.9448032075141792,
      0.0,
      -0.1240057094228351,
      0.9812984237185918,
      0.14722782698073603,
      0.0,
      -0.942213424265075,
      -0.16298082738095185,
      0.29269606355172567,
      0.0,
      81.59838938341112,
      14.202718047014969,
      87.80504764691348,
      1.0
    ],
    "Bip01 L Finger0": [
      0.26996623326488745,
      -0.15824783998153288,
      0.9497767858057705,
      -5.926081922088196e-19,
      -0.09976133286968088,
      0.9764964227248587,
      0.19105616022846056,
      -1.5015581963676828e-19,
      -0.9576877187747133,
      -0.14632967708501426,
      0.247834074634181,
      8.285444157065709e-19,
      81.05805611739873,
      9.826865128879703,
      92.40056546729943,
      0.9999999999999999
    ],
    "Bip01 L Finger01": [
      0.325823624459768,
      -0.3528465278653206,
      0.8771193700620925,
      0.0,
      -0.18101844522249294,
      0.8872991400806618,
      0.4241846321357383,
      0.0,
      -0.9279391935458517,
      -0.296984122368226,
      0.2252313180482425,
      0.0,
      81.3021652275391,
      15.172582333658747,
      89.96211081606873,
      1.0
    ],
    "Bip01 L Finger02": [
      0.32582362445976776,
      -0.35284652786532067,
      0.8771193700620925,
      0.0,
      -0.18101844522249294,
      0.8872991400806619,
      0.42418463213573837,
      0.0,
      -0.9279391935458519,
      -0.296984122368226,
      0.2252313180482425,
      0.0,
      81.30216522753909,
      15.172582333658742,
      89.96211081606873,
      1.0
    ],
    "Bip01 L Finger1": [
      0.1739479108769587,
      -0.28139891671089495,
      0.9436932081231131,
      0.0,
      -0.08847647770252208,
      0.949960974223102,
      0.29957654381125653,
      0.0,
      -0.9807720899138861,
      -0.13560533362030933,
      0.14034657369784856,
      0.0,
      78.00969786415045,
      2.0127489701310717,
      102.48255899528819,
      1.0
    ],
    "Bip01 L Finger11": [
      0.16428996100255056,
      -0.25550790595899253,
      0.9527458296048645,
      0.0,
      -0.07530530749806426,
      0.9598023785098023,
      0.27038592717550575,
      0.0,
      -0.9835333113397893,
      -0.11616847990510434,
      0.1384448259777282,
      0.0,
      77.68053352936242,
      1.476966173021828,
      103.32020190087641,
      1.0
    ],
    "Bip01 L Finger12": [
      0.16428996100255056,
      -0.25550790595899253,
      0.9527458296048645,
      0.0,
      -0.07530530749806429,
      0.9598023785098023,
      0.2703859271755057,
      0.0,
      -0.9835333113397887,
      -0.11616847990510434,
      0.13844482597772823,
      0.0,
      77.68053352936238,
      1.4769661730218306,
      103.32020190087641,
      1.0
    ],
    "Bip01 L Finger2": [
      0.2103108183236265,
      -0.1812977670640069,
      0.9606771446280234,
      0.0,
      -0.09462136111514437,
      0.9742664723139904,
      0.204576842607032,
      0.0,
      -0.9730447109902776,
      -0.13392526817937636,
      0.18774416758225607,
      0.0,
      79.19676079081886,
      7.011814485842717,
      99.15930669228842,
      1.0
    ],
    "Bip01 L Finger21": [
      0.5226255911098754,
      -0.08798831422840649,
      0.8480097881926311,
      0.0,
      -0.15439513423350132,
      0.9684461780204675,
      0.19563790610828471,
      0.0,
      -0.8384655742010166,
      -0.23317392604156922,
      0.4925497972213061,
      0.0,
      83.73360774892434,
      22.325752109756166,
      62.154648907334945,
      1.0
    ],
    "Bip01 L Finger22": [
      0.5226255911098753,
      -0.0879883142284064,
      0.8480097881926308,
      1.7361104869266505e-19,
      -0.15439513423350132,
      0.9684461780204673,
      0.19563790610828466,
      -8.273849659447454e-20,
      -0.8384655742010172,
      -0.23317392604156925,
      0.4925497972213064,
      1.2340245134161556e-18,
      83.7336077489244,
      22.325752109756177,
      62.154648907334916,
      0.9999999999999999
    ],
    "Bip01 L Finger3": [
      0.35918850151731835,
      -0.05947820212640694,
      0.931367833463125,
      0.0,
      -0.13096588662338685,
      0.9848795001175001,
      0.11340349700341786,
      0.0,
      -0.9240299869201476,
      -0.16271061216311541,
      0.34596779937586636,
      0.0,
      82.36957756659785,
      16.506278254978824,
      81.70770702949544,
      1.0
    ],
    "Bip01 L Finger31": [
      0.6308747893229393,
      0.04780195413448116,
      0.7744107464877324,
      0.0,
      -0.2007822206920299,
      0.9741599437839659,
      0.10343575063752232,
      0.0,
      -0.7494553813037458,
      -0.22074289158069002,
      0.6241707519349099,
      0.0,
      80.512325592905,
      28.411769858768842,
      45.04737603471111,
      1.0
    ],
    "Bip01 L Finger32": [
      0.6308747893229393,
      0.04780195413448119,
      0.7744107464877323,
      0.0,
      -0.20078222069202992,
      0.9741599437839658,
      0.10343575063752228,
      0.0,
      -0.7494553813037456,
      -0.22074289158069002,
      0.6241707519349098,
      0.0,
      80.51232559290497,
      28.41176985876884,
      45.047376034711114,
      1.0
    ],
    "Bip01 L Finger4": [
      0.5375922351417274,
      0.04017238967825263,
      0.8422474779129305,
      0.0,
      -0.1576260442810302,
      0.9860442972457945,
      0.05357908816859115,
      0.0,
      -0.828340818746035,
      -0.16156380874815413,
      0.5364219745360921,
      0.0,
      82.4055105654328,
      21.766544939609688,
      57.80662553236952,
      1.0
    ],
    "Bip01 L Finger41": [
      0.7362048320213006,
      0.13989487799378084,
      0.6621418903756857,
      0.0,
      -0.21760288731426733,
      0.9753781251162479,
      0.035868395465203984,
      0.0,
      -0.6408208502622984,
      -0.17049044688661433,
      0.7485195972380942,
      0.0,
      74.90814413634695,
      28.21893403407873,
      26.728962040312688,
      1.0
    ],
    "Bip01 L Finger42": [
      0.7362048320213003,
      0.1398948779937808,
      0.6621418903756855,
      0.0,
      -0.21760288731426722,
      0.9753781251162476,
      0.03586839546520401,
      0.0,
      -0.6408208502622982,
      -0.17049044688661438,
      0.7485195972380938,
      0.0,
      74.90814413634693,
      28.218934034078725,
      26.72896204031271,
      1.0
    ],
    "Bip01 L Wrist Helper": [
      0.3117994725788509,
      -0.0998711422046683,
      0.9448846482576523,
      0.0,
      -0.12502983257677594,
      0.9815003785996474,
      0.1449994961960275,
      0.0,
      -0.9418856676632613,
      -0.16334952023489352,
      0.29354440294952056,
      0.0,
      81.6542153561147,
      14.362884856534528,
      87.7744505576243,
      1.0
    ],
    "Torch": [
      0.3117994725788508,
      -0.09987114220466824,
      0.9448846482576524,
      0.0,
      -0.12502983257677594,
      0.9815003785996476,
      0.14499949619602753,
      0.0,
      -0.9418856676632612,
      -0.16334952023489352,
      0.29354440294952056,
      0.0,
      81.65421535611469,
      14.362884856534528,
      87.7744505576243,
      1.0
    ],
    "Bip01 L ForearmTwist": [
      0.42241029816827347,
      -0.10179306477987128,
      0.9006707472477483,
      0.0,
      -0.19959697905014104,
      0.9588359158403917,
      0.2019769301090627,
      0.0,
      -0.8841552253889506,
      -0.26508827490591,
      0.3847046111005815,
      0.0,
      80.94701988543504,
      24.52331576435842,
      76.46786829366577,
      1.0
    ],
    "Bip01 L UpperArmTwist": [
      0.5992134793823121,
      -0.09049603516260311,
      0.7954583381623204,
      0.0,
      0.08394512245169586,
      0.9952159590496261,
      0.04998630157496767,
      0.0,
      -0.7961761696424575,
      0.03682243193373421,
      0.6039434647941704,
      0.0,
      78.75979543375018,
      -5.656823538657806,
      50.277912041886395,
      1.0
    ],
    "Bip01 L Shoulder Helper": [
      0.9902861904183926,
      0.13899561730845206,
      -0.0036871622717573114,
      0.0,
      -0.13812634637663024,
      0.9864434313143152,
      0.0886035849357228,
      0.0,
      0.015952757571000432,
      -0.08723357804283519,
      0.9960602024905056,
      0.0,
      -1.7405531626064175,
      9.635731466080617,
      1.177068791010754,
      1.0
    ],
    "Bip01 R Clavicle": [
      0.9902861904183926,
      -0.1389956173084517,
      0.0036871622717571054,
      0.0,
      0.13812634637663004,
      0.9864434313143153,
      0.08860358493572204,
      0.0,
      -0.015952757571000398,
      -0.0872335780428349,
      0.9960602024905022,
      0.0,
      1.7405531626064135,
      9.635731466080578,
      1.1770687910111377,
      1.0
    ],
    "Bip01 R UpperArm": [
      0.5998639653090714,
      0.07772034988322513,
      -0.7963182954779081,
      0.0,
      0.07373248514907307,
      0.9856660048370983,
      0.1517430856973895,
      0.0,
      0.7966973276525715,
      -0.1497397172047799,
      0.5855350377006672,
      0.0,
      -78.21270473959378,
      13.639201354794647,
      52.44813827801346,
      1.0
    ],
    "Bip01 R Forearm": [
      0.4779053260058621,
      0.11441276498639984,
      -0.8709284088076692,
      8.309668506032655e-20,
      -0.057537140690402284,
      0.9934292197402708,
      0.09893315993591441,
      -1.435942888324808e-20,
      0.8765248704655135,
      0.002830068369028088,
      0.48134813518555525,
      1.0625515839041694e-18,
      -82.81680504879597,
      -3.074327860979977,
      65.31510108427605,
      0.9999999999999999
    ],
    "Bip01 R Hand": [
      0.3112174586132494,
      0.10242400350820556,
      -0.9448032075141792,
      0.0,
      0.1240057094228351,
      0.9812984237185918,
      0.14722782698073603,
      0.0,
      0.942213424265075,
      -0.16298082738095185,
      0.29269606355172567,
      0.0,
      -81.59838938341112,
      14.202718047014969,
      87.80504764691348,
      1.0
    ],
    "Bip01 R Finger0": [
      0.26996623326488745,
      0.15824783998153288,
      -0.9497767858057705,
      5.926081922088196e-19,
      0.09976133286968088,
      0.9764964227248587,
      0.19105616022846056,
      -1.5015581963676828e-19,
      0.9576877187747133,
      -0.14632967708501426,
      0.247834074634181,
      8.285444157065709e-19,
      -81.05805611739873,
      9.826865128879703,
      92.40056546729943,
      0.9999999999999999
    ],
    "Bip01 R Finger01": [
      0.325823624459768,
      0.3528465278653206,
      -0.8771193700620925,
      0.0,
      0.18101844522249294,
      0.8872991400806618,
      0.4241846321357383,
      0.0,
      0.9279391935458517,
      -0.296984122368226,
      0.2252313180482425,
      0.0,
      -81.3021652275391,
      15.172582333658747,
      89.96211081606873,
      1.0
    ],
    "Bip01 R Finger02": [
      0.32582362445976776,
      0.35284652786532067,
      -0.8771193700620925,
      0.0,
      0.18101844522249294,
      0.8872991400806619,
      0.42418463213573837,
      0.0,
      0.9279391935458519,
      -0.296984122368226,
      0.2252313180482425,
      0.0,
      -81.30216522753909,
      15.172582333658742,
      89.96211081606873,
      1.0
    ],
    "Bip01 R Finger1": [
      0.1739479108769587,
      0.28139891671089495,
      -0.9436932081231131,
      0.0,
      0.08847647770252208,
      0.949960974223102,
      0.29957654381125653,
      0.0,
      0.9807720899138861,
      -0.13560533362030933,
      0.14034657369784856,
      0.0,
      -78.00969786415045,
      2.0127489701310717,
      102.48255899528819,
      1.0
    ],
    "Bip01 R Finger11": [
      0.16428996100255056,
      0.25550790595899253,
      -0.9527458296048645,
      0.0,
      0.07530530749806426,
      0.9598023785098023,
      0.27038592717550575,
      0.0,
      0.9835333113397893,
      -0.11616847990510434,
      0.1384448259777282,
      0.0,
      -77.68053352936242,
      1.476966173021828,
      103.32020190087641,
      1.0
    ],
    "Bip01 R Finger12": [
      0.16428996100255056,
      0.25550790595899253,
      -0.9527458296048645,
      0.0,
      0.07530530749806429,
      0.9598023785098023,
      0.2703859271755057,
      0.0,
      0.9835333113397887,
      -0.11616847990510434,
      0.13844482597772823,
      0.0,
      -77.68053352936238,
      1.4769661730218306,
      103.32020190087641,
      1.0
    ],
    "Bip01 R Finger2": [
      0.2103108183236265,
      0.1812977670640069,
      -0.9606771446280234,
      0.0,
      0.09462136111514437,
      0.9742664723139904,
      0.204576842607032,
      0.0,
      0.9730447109902776,
      -0.13392526817937636,
      0.18774416758225607,
      0.0,
      -79.19676079081886,
      7.011814485842717,
      99.15930669228842,
      1.0
    ],
    "Bip01 R Finger21": [
      0.5226255911098754,
      0.08798831422840649,
      -0.8480097881926311,
      0.0,
      0.15439513423350132,
      0.9684461780204675,
      0.19563790610828471,
      0.0,
      0.8384655742010166,
      -0.23317392604156922,
      0.4925497972213061,
      0.0,
      -83.73360774892434,
      22.325752109756166,
      62.154648907334945,
      1.0
    ],
    "Bip01 R Finger22": [
      0.5226255911098753,
      0.0879883142284064,
      -0.8480097881926308,
      -1.7361104869266505e-19,
      0.15439513423350132,
      0.9684461780204673,
      0.19563790610828466,
      -8.273849659447454e-20,
      0.8384655742010172,
      -0.23317392604156925,
      0.4925497972213064,
      1.2340245134161556e-18,
      -83.7336077489244,
      22.325752109756177,
      62.154648907334916,
      0.9999999999999999
    ],
    "Bip01 R Finger3": [
      0.35918850151731835,
      0.05947820212640694,
      -0.931367833463125,
      0.0,
      0.13096588662338685,
      0.9848795001175001,
      0.11340349700341786,
      0.0,
      0.9240299869201476,
      -0.16271061216311541,
      0.34596779937586636,
      0.0,
      -82.36957756659785,
      16.506278254978824,
      81.70770702949544,
      1.0
    ],
    "Bip01 R Finger31": [
      0.6308747893229393,
      -0.04780195413448116,
      -0.7744107464877324,
      0.0,
      0.2007822206920299,
      0.9741599437839659,
      0.10343575063752232,
      0.0,
      0.7494553813037458,
      -0.22074289158069002,
      0.6241707519349099,
      0.0,
      -80.512325592905,
      28.411769858768842,
      45.04737603471111,
      1.0
    ],
    "Bip01 R Finger32": [
      0.6308747893229393,
      -0.04780195413448119,
      -0.7744107464877323,
      0.0,
      0.20078222069202992,
      0.9741599437839658,
      0.10343575063752228,
      0.0,
      0.7494553813037456,
      -0.22074289158069002,
      0.6241707519349098,
      0.0,
      -80.51232559290497,
      28.41176985876884,
      45.047376034711114,
      1.0
    ],
    "Bip01 R Finger4": [
      0.5375922351417274,
      -0.04017238967825263,
      -0.8422474779129305,
      0.0,
      0.1576260442810302,
      0.9860442972457945,
      0.05357908816859115,
      0.0,
      0.828340818746035,
      -0.16156380874815413,
      0.5364219745360921,
      0.0,
      -82.4055105654328,
      21.766544939609688,
      57.80662553236952,
      1.0
    ],
    "Bip01 R Finger41": [
      0.7362048320213006,
      -0.13989487799378084,
      -0.6621418903756857,
      0.0,
      0.21760288731426733,
      0.9753781251162479,
      0.035868395465203984,
      0.0,
      0.6408208502622984,
      -0.17049044688661433,
      0.7485195972380942,
      0.0,
      -74.90814413634695,
      28.21893403407873,
      26.728962040312688,
      1.0
    ],
    "Bip01 R Finger42": [
      0.7362048320213003,
      -0.1398948779937808,
      -0.6621418903756855,
      0.0,
      0.21760288731426722,
      0.9753781251162476,
      0.03586839546520401,
      0.0,
      0.6408208502622982,
      -0.17049044688661438,
      0.7485195972380938,
      0.0,
      -74.90814413634693,
      28.218934034078725,
      26.72896204031271,
      1.0
    ],
    "Bip01 R Wrist Helper": [
      0.3112174586132494,
      0.10242400350820559,
      -0.9448032075141789,
      0.0,
      0.12400570942283509,
      0.9812984237185918,
      0.14722782698073608,
      0.0,
      0.9422134242650752,
      -0.16298082738095182,
      0.2926960635517256,
      0.0,
      -81.59838938341112,
      14.202718047014963,
      87.80504764691348,
      1.0
    ],
    "Weapon": [
      0.3112174586132497,
      0.10242400350820553,
      -0.944803207514179,
      0.0,
      0.1240057094228351,
      0.9812984237185917,
      0.14722782698073605,
      0.0,
      0.9422134242650749,
      -0.16298082738095185,
      0.2926960635517256,
      0.0,
      -81.59838938341112,
      14.20271804701497,
      87.80504764691348,
      1.0
    ],
    "Bip01 R ForearmTwist": [
      0.42241029816827347,
      0.10179306477987128,
      -0.9006707472477483,
      0.0,
      0.19959697905014104,
      0.9588359158403917,
      0.2019769301090627,
      0.0,
      0.8841552253889506,
      -0.26508827490591,
      0.3847046111005815,
      0.0,
      -80.94701988543504,
      24.52331576435842,
      76.46786829366577,
      1.0
    ],
    "Bip01 R UpperArmTwist": [
      0.5992134793823121,
      0.09049603516260311,
      -0.7954583381623204,
      0.0,
      -0.08394512245169586,
      0.9952159590496261,
      0.04998630157496767,
      0.0,
      0.7961761696424575,
      0.03682243193373421,
      0.6039434647941704,
      0.0,
      -78.75979543375018,
      -5.656823538657806,
      50.277912041886395,
      1.0
    ],
    "Bip01 R Shoulder Helper": [
      0.9886681615364553,
      -0.13130931628481138,
      0.07275376156348379,
      -2.2189373100436e-20,
      0.13221712299932242,
      0.9911901764296525,
      -0.007785004644529074,
      -1.8427962772967704e-19,
      -0.07109054560652157,
      0.01731607568142356,
      0.9973195227531941,
      1.0694305176871547e-18,
      7.67876382812629,
      -1.4161865781878773,
      0.07498999493027989,
      0.9999999999999999
    ],
    "Bip01 L Thigh": [
      0.9626182791095146,
      0.25057048156101447,
      -0.10286147235247292,
      0.0,
