{
  "BackWeapon": [
    [
      -0.90985392,
      0.15943887,
      -0.38307439,
      0.0
    ],
    [
      0.34787003,
      -0.21012208,
      -0.91369362,
      0.0
    ],
    [
      -0.2261705,
      -0.96458743,
      0.13571626,
      0.0
    ],
    [
      -11.62689605,
      -7.97160092,
      114.24899185,
      1.0
    ]
  ],
  "Bip01": [
    [
      -1.48e-06,
      1.0,
      0.0,
      0.0
    ],
    [
      -1.0,
      -1.48e-06,
      0.0,
      0.0
    ],
    [
      0.0,
      0.0,
      1.0,
      0.0
    ],
    [
      6e-07,
      -0.883865,
      67.41400146,
      1.0
    ]
  ],
  "Bip01 Head": [
    [
      1e-08,
      0.00284658,
      0.99999603,
      0.0
    ],
    [
      1.3e-06,
      0.99999603,
      -0.00284658,
      0.0
    ],
    [
      -1.0,
      1.28e-06,
      -2e-08,
      0.0
    ],
    [
      2.67e-06,
      -1.18723423,
      112.44112564,
      1.0
    ]
  ],
  "Bip01 L Calf": [
    [
      -0.02203286,
      -0.15399991,
      -0.98782504,
      0.0
    ],
    [
      0.0263527,
      0.98763226,
      -0.15455759,
      0.0
    ],
    [
      0.99940973,
      -0.02943718,
      -0.01770202,
      0.0
    ],
    [
      -6.69925831,
      -0.66427795,
      33.74770397,
      1.0
    ]
  ],
  "Bip01 L Clavicle": [
    [
      -0.93743195,
      -0.19292474,
      -0.28982973,
      0.0
    ],
    [
      0.22892134,
      -0.96874037,
      -0.09558798,
      0.0
    ],
    [
      -0.26232852,
      -0.15595548,
      0.95229284,
      0.0
    ],
    [
      -2.77415264,
      -0.81198118,
      106.07153262,
      1.0
    ]
  ],
  "Bip01 L Finger0": [
    [
      -0.66964881,
      0.64883054,
      -0.36137129,
      0.0
    ],
    [
      -0.4693961,
      -0.74682794,
      -0.47107869,
      0.0
    ],
    [
      -0.57553252,
      -0.14583102,
      0.80467112,
      0.0
    ],
    [
      -48.93850371,
      2.49159283,
      99.44561319,
      1.0
    ]
  ],
  "Bip01 L Finger01": [
    [
      -0.81073404,
      0.23062537,
      -0.53807257,
      0.0
    ],
    [
      -0.10710991,
      -0.96205246,
      -0.25096261,
      0.0
    ],
    [
      -0.5755325,
      -0.14583103,
      0.80467113,
      0.0
    ],
    [
      -50.7070676,
      4.20517637,
      98.49122568,
      1.0
    ]
  ],
  "Bip01 L Finger02": [
    [
      -0.81759443,
      0.08171407,
      -0.56996666,
      0.0
    ],
    [
      0.01736588,
      -0.9859289,
      -0.16625978,
      0.0
    ],
    [
      -0.57553249,
      -0.14583105,
      0.80467114,
      0.0
    ],
    [
      -52.63696245,
      4.75416316,
      97.21038278,
      1.0
    ]
  ],
  "Bip01 L Finger1": [
    [
      -0.96180711,
      0.15799135,
      -0.22353023,
      0.0
    ],
    [
      0.22380846,
      -0.01626104,
      -0.9744975,
      0.0
    ],
    [
      -0.15759703,
      -0.98730651,
      -0.01971978,
      0.0
    ],
    [
      -53.40747837,
      4.20557696,
      100.935916,
      1.0
    ]
  ],
  "Bip01 L Finger11": [
    [
      -0.85519399,
      0.14643931,
      -0.49719083,
      0.0
    ],
    [
      0.49376756,
      -0.06149153,
      -0.86741712,
      0.0
    ],
    [
      -0.15759701,
      -0.98730652,
      -0.01971978,
      0.0
    ],
    [
      -56.34968649,
      4.68887751,
      100.25212781,
      1.0
    ]
  ],
  "Bip01 L Finger12": [
    [
      -0.59389792,
      0.1107163,
      -0.79688593,
      0.0
    ],
    [
      0.78895404,
      -0.11387523,
      -0.60380795,
      0.0
    ],
    [
      -0.15759696,
      -0.98730652,
      -0.01971979,
      0.0
    ],
    [
      -57.83253169,
      4.94279311,
      99.39003724,
      1.0
    ]
  ],
  "Bip01 L Finger2": [
    [
      -0.9407602,
      0.19821175,
      -0.27510416,
      0.0
    ],
    [
      0.27717926,
      -0.01776237,
      -0.96065405,
      0.0
    ],
    [
      -0.19529946,
      -0.97999819,
      -0.03823003,
      0.0
    ],
    [
      -54.07150634,
      2.29711057,
      101.26238533,
      1.0
    ]
  ],
  "Bip01 L Finger21": [
    [
      -0.54012723,
      0.14001243,
      -0.82985487,
      0.0
    ],
    [
      0.818609,
      -0.14142104,
      -0.55666813,
      0.0
    ],
    [
      -0.19529943,
      -0.97999819,
      -0.03823006,
      0.0
    ],
    [
      -57.20111785,
      2.95649859,
      100.34720127,
      1.0
    ]
  ],
  "Bip01 L Finger22": [
    [
      -0.13900908,
      0.06624755,
      -0.98807278,
      0.0
    ],
    [
      0.97084223,
      -0.1876557,
      -0.1491668,
      0.0
    ],
    [
      -0.19529944,
      -0.97999819,
      -0.03823005,
      0.0
    ],
    [
      -58.46041474,
      3.28293512,
      98.41240908,
      1.0
    ]
  ],
  "Bip01 L Finger3": [
    [
      -0.85878292,
      0.20529906,
      -0.4694083,
      0.0
    ],
    [
      0.48608925,
      0.03698199,
      -0.87312635,
      0.0
    ],
    [
      -0.16189238,
      -0.97800022,
      -0.13155315,
      0.0
    ],
    [
      -54.32335635,
      0.57912458,
      101.12456026,
      1.0
    ]
  ],
  "Bip01 L Finger31": [
    [
      -0.35560475,
      0.18217363,
      -0.91671042,
      0.0
    ],
    [
      0.92050862,
      -0.10162747,
      -0.37727412,
      0.0
    ],
    [
      -0.16189237,
      -0.97800022,
      -0.13155317,
      0.0
    ],
    [
      -56.92152369,
      1.20023653,
      99.70441711,
      1.0
    ]
  ],
  "Bip01 L Finger32": [
    [
      -0.05561573,
      0.14214258,
      -0.98828255,
      0.0
    ],
    [
      0.98523996,
      -0.15267897,
      -0.07740405,
      0.0
    ],
    [
      -0.16189238,
      -0.97800021,
      -0.13155318,
      0.0
    ],
    [
      -57.65143232,
      1.57416553,
      97.8227795,
      1.0
    ]
  ],
  "Bip01 L Finger4": [
    [
      -0.87596553,
      0.18045703,
      -0.44734732,
      0.0
    ],
    [
      0.47248299,
      0.13414551,
      -0.87107112,
      0.0
    ],
    [
      -0.09718128,
      -0.97439216,
      -0.20276972,
      0.0
    ],
    [
      -54.00350917,
      -1.00784363,
      99.97167501,
      1.0
    ]
  ],
  "Bip01 L Finger41": [
    [
      -0.46197099,
      0.2246192,
      -0.85797961,
      0.0
    ],
    [
      0.88155462,
      0.01029417,
      -0.47196978,
      0.0
    ],
    [
      -0.09718128,
      -0.97439216,
      -0.20276971,
      0.0
    ],
    [
      -55.90736484,
      -0.61563137,
      98.99938893,
      1.0
    ]
  ],
  "Bip01 L Finger42": [
    [
      -0.17633236,
      0.21736757,
      -0.96003034,
      0.0
    ],
    [
      0.97952163,
      -0.0575421,
      -0.19294097,
      0.0
    ],
    [
      -0.09718127,
      -0.97439216,
      -0.20276972,
      0.0
    ],
    [
      -56.5025664,
      -0.32623248,
      97.89396624,
      1.0
    ]
  ],
  "Bip01 L Foot": [
    [
      -2e-08,
      7e-08,
      -0.99999985,
      0.0
    ],
    [
      -0.04564316,
      0.99895782,
      6e-08,
      0.0
    ],
    [
      0.99895764,
      0.04564321,
      1e-08,
      0.0
    ],
    [
      -7.30146753,
      -4.87344947,
      6.74816564,
      1.0
    ]
  ],
  "Bip01 L Forearm": [
    [
      -0.97441223,
      0.2124691,
      -0.07333224,
      0.0
    ],
    [
      -0.21081523,
      -0.97707487,
      -0.02969124,
      0.0
    ],
    [
      -0.0779596,
      -0.01347198,
      0.99686551,
      0.0
    ],
    [
      -32.48361875,
      -3.28495092,
      101.90174377,
      1.0
    ]
  ],
  "Bip01 L ForearmTwist": [
    [
      -0.97441251,
      0.21246786,
      -0.07333208,
      0.0
    ],
    [
      0.08042423,
      0.0249198,
      -0.99644917,
      0.0
    ],
    [
      -0.20988605,
      -0.97685019,
      -0.0413697,
      0.0
    ],
    [
      -32.48362319,
      -3.28493034,
      101.90174475,
      1.0
    ]
  ],
  "Bip01 L Hand": [
    [
      -0.97651422,
      0.21052603,
      -0.04581166,
      0.0
    ],
    [
      0.0534537,
      0.03075058,
      -0.99809675,
      0.0
    ],
    [
      -0.20871664,
      -0.97710439,
      -0.04128174,
      0.0
    ],
    [
      -46.88186682,
      -0.14543489,
      100.81816542,
      1.0
    ]
  ],
  "Bip01 L Shoulder Helper": [
    [
      0.9992702,
      0.02833548,
      0.02561611,
      0.0
    ],
    [
      -0.03226712,
      0.98507504,
      0.1690744,
      0.0
    ],
    [
      -0.02044302,
      -0.16977758,
      0.98527036,
      0.0
    ],
    [
      -10.71907336,
      -2.44705616,
      103.61516324,
      1.0
    ]
  ],
  "Bip01 L Thigh": [
    [
      -0.01788454,
      -0.0059475,
      -0.99982223,
      0.0
    ],
    [
      0.0293267,
      0.99954894,
      -0.00647046,
      0.0
    ],
    [
      0.99940973,
      -0.02943718,
      -0.01770202,
      0.0
    ],
    [
      -6.09704497,
      -0.46401207,
      67.41400137,
      1.0
    ]
  ],
  "Bip01 L Toe0": [
    [
      -0.04564316,
      0.99895776,
      -1.5e-07,
      0.0
    ],
    [
      1e-08,
      1.4e-07,
      0.99999979,
      0.0
    ],
    [
      0.99895764,
      0.04564321,
      1e-08,
      0.0
    ],
    [
      -7.75542571,
      5.06198835,
      -0.26343418,
      1.0
    ]
  ],
  "Bip01 L UpperArm": [
    [
      -0.99618209,
      -0.03835111,
      -0.0784244,
      0.0
    ],
    [
      0.03928739,
      -0.99917347,
      -0.01043069,
      0.0
    ],
    [
      -0.0779596,
      -0.01347198,
      0.99686551,
      0.0
    ],
    [
      -10.71907336,
      -2.44705616,
      103.61516324,
      1.0
    ]
  ],
  "Bip01 L UpperArmTwist": [
    [
      0.9962135,
      0.03752441,
      0.07842439,
      0.0
    ],
    [
      -0.07797072,
      -0.01340765,
      0.99686545,
      0.0
    ],
    [
      0.03845823,
      -0.99920571,
      -0.010431,
      0.0
    ],
    [
      -23.11641968,
      -2.92431866,
      102.63921586,
      1.0
    ]
  ],
  "Bip01 L Wrist Helper": [
    [
      -0.97651422,
      0.21052603,
      -0.04581166,
      0.0
    ],
    [
      0.05345369,
      0.03075055,
      -0.99809675,
      0.0
    ],
    [
      -0.20871664,
      -0.97710439,
      -0.04128171,
      0.0
    ],
    [
      -51.88186303,
      -0.14540621,
      105.81816265,
      1.0
    ]
  ],
  "Bip01 Neck": [
    [
      1.3e-07,
      -0.07671327,
      0.99705325,
      0.0
    ],
    [
      1.31e-06,
      0.99705325,
      0.07671327,
      0.0
    ],
    [
      -1.0,
      1.27e-06,
      2e-07,
      0.0
    ],
    [
      2.03e-06,
      -0.81173899,
      106.0654746,
      1.0
    ]
  ],
  "Bip01 Neck1": [
    [
      1e-07,
      -0.05599042,
      0.99843138,
      0.0
    ],
    [
      1.31e-06,
      0.99843138,
      0.05599042,
      0.0
    ],
    [
      -1.0,
      1.27e-06,
      1.4e-07,
      0.0
    ],
    [
      2.11e-06,
      -0.8656461,
      106.70650433,
      1.0
    ]
  ],
  "Bip01 NonAccum": [
    [
      -1.48e-06,
      1.0,
      0.0,
      0.0
    ],
    [
      -1.0,
      -1.48e-06,
      0.0,
      0.0
    ],
    [
      0.0,
      0.0,
      1.0,
      0.0
    ],
    [
      6e-07,
      -0.883865,
      67.41400146,
      1.0
    ]
  ],
  "Bip01 Pelvis": [
    [
      1.4e-06,
      0.0,
      1.0,
      0.0
    ],
    [
      -2.85e-06,
      1.0,
      0.0,
      0.0
    ],
    [
      -1.0,
      -2.88e-06,
      1.37e-06,
      0.0
    ],
    [
      -2e-08,
      -0.46399999,
      67.41400146,
      1.0
    ]
  ],
  "Bip01 R Calf": [
    [
      0.02203331,
      -0.15399985,
      -0.98782527,
      0.0
    ],
    [
      -0.02635579,
      0.98763216,
      -0.15455764,
      0.0
    ],
    [
      0.99940985,
      0.02944035,
      0.01770205,
      0.0
    ],
    [
      6.69925801,
      -0.66425782,
      33.74769268,
      1.0
    ]
  ],
  "Bip01 R Clavicle": [
    [
      0.93743257,
      -0.19292196,
      -0.2898298,
      0.0
    ],
    [
      -0.22891853,
      -0.96874116,
      -0.09558797,
      0.0
    ],
    [
      -0.262329,
      0.15595467,
      -0.95229291,
      0.0
    ],
    [
      2.77415669,
      -0.81197283,
      106.07153271,
      1.0
    ]
  ],
  "Bip01 R Finger0": [
    [
      0.66964685,
      0.64883277,
      -0.36137133,
      0.0
    ],
    [
      0.46939839,
      -0.7468266,
      -0.47107878,
      0.0
    ],
    [
      -0.57553298,
      0.14582924,
      -0.8046712,
      0.0
    ],
    [
      48.93849623,
      2.49174817,
      99.44560317,
      1.0
    ]
  ],
  "Bip01 R Finger01": [
    [
      0.81073339,
      0.23062796,
      -0.53807261,
      0.0
    ],
    [
      0.10711282,
      -0.96205229,
      -0.25096271,
      0.0
    ],
    [
      -0.57553294,
      0.14582933,
      -0.80467121,
      0.0
    ],
    [
      50.70705836,
      4.20533715,
      98.49121646,
      1.0
    ]
  ],
  "Bip01 R Finger02": [
    [
      0.81759417,
      0.08171671,
      -0.56996676,
      0.0
    ],
    [
      -0.01736283,
      -0.98592913,
      -0.16625984,
      0.0
    ],
    [
      -0.57553299,
      0.14582926,
      -0.80467119,
      0.0
    ],
    [
      52.63695275,
      4.75432882,
      97.21037015,
      1.0
    ]
  ],
  "Bip01 R Finger1": [
    [
      0.96180663,
      0.15799446,
      -0.2235303,
      0.0
    ],
    [
      -0.22380844,
      -0.01626174,
      -0.97449756,
      0.0
    ],
    [
      -0.15760012,
      0.98730614,
      0.01971984,
      0.0
    ],
    [
      53.40746383,
      4.20574742,
      100.93590624,
      1.0
    ]
  ],
  "Bip01 R Finger11": [
    [
      0.85519354,
      0.14644211,
      -0.49719091,
      0.0
    ],
    [
      -0.49376741,
      -0.0614931,
      -0.86741715,
      0.0
    ],
    [
      -0.15760012,
      0.98730614,
      0.01971984,
      0.0
    ],
    [
      56.34966666,
      4.68905714,
      100.25211611,
      1.0
    ]
  ],
  "Bip01 R Finger12": [
    [
      0.59389757,
      0.11071822,
      -0.79688602,
      0.0
    ],
    [
      -0.78895372,
      -0.11387776,
      -0.60380794,
      0.0
    ],
    [
      -0.15760004,
      0.98730616,
      0.01971982,
      0.0
    ],
    [
      57.83251457,
      4.94297776,
      99.39002356,
      1.0
    ]
  ],
  "Bip01 R Finger2": [
    [
      0.94075959,
      0.19821481,
      -0.27510422,
      0.0
    ],
    [
      -0.27717923,
      -0.01776325,
      -0.9606541,
      0.0
    ],
    [
      -0.19530253,
      0.97999769,
      0.03823008,
      0.0
    ],
    [
      54.07150366,
      2.29728275,
      101.26237552,
      1.0
    ]
  ],
  "Bip01 R Finger21": [
    [
      0.54012679,
      0.1400142,
      -0.82985495,
      0.0
    ],
    [
      -0.81860858,
      -0.14142372,
      -0.55666814,
      0.0
    ],
    [
      -0.19530253,
      0.97999769,
      0.03823008,
      0.0
    ],
    [
      57.20111553,
      2.95668093,
      100.34719153,
      1.0
    ]
  ],
  "Bip01 R Finger22": [
    [
      0.13900886,
      0.06624801,
      -0.98807285,
      0.0
    ],
    [
      -0.97084165,
      -0.18765887,
      -0.14916677,
      0.0
    ],
    [
      -0.19530253,
      0.97999769,
      0.03823008,
      0.0
    ],
    [
      58.46041213,
      3.28312187,
      98.412402,
      1.0
    ]
  ],
  "Bip01 R Finger3": [
    [
      0.85878229,
      0.20530185,
      -0.46940837,
      0.0
    ],
    [
      -0.48608939,
      0.03698045,
      -0.87312638,
      0.0
    ],
    [
      -0.16189543,
      0.97799983,
      0.13155321,
      0.0
    ],
    [
      54.32335716,
      0.579297,
      101.12455026,
      1.0
    ]
  ],
  "Bip01 R Finger31": [
    [
      0.35560417,
      0.1821748,
      -0.9167105,
      0.0
    ],
    [
      -0.92050832,
      -0.10163046,
      -0.37727411,
      0.0
    ],
    [
      -0.16189544,
      0.97799983,
      0.13155321,
      0.0
    ],
    [
      56.92152115,
      1.20041693,
      99.7044066,
      1.0
    ]
  ],
  "Bip01 R Finger32": [
    [
      0.05561525,
      0.14214278,
      -0.98828263,
      0.0
    ],
    [
      -0.98523951,
      -0.15268216,
      -0.07740398,
      0.0
    ],
    [
      -0.16189543,
      0.97799983,
      0.13155323,
      0.0
    ],
    [
      57.6514345,
      1.57434813,
      97.82276537,
      1.0
    ]
  ],
  "Bip01 R Finger4": [
    [
      0.87596498,
      0.18045987,
      -0.44734736,
      0.0
    ],
    [
      -0.4724834,
      0.13414402,
      -0.87107115,
      0.0
    ],
    [
      -0.09718434,
      0.97439197,
      0.20276977,
      0.0
    ],
    [
      54.00351401,
      -1.00767275,
      99.9716647,
      1.0
    ]
  ],
  "Bip01 R Finger41": [
    [
      0.4619703,
      0.22462072,
      -0.85797966,
      0.0
    ],
    [
      -0.88155465,
      0.01029137,
      -0.47196978,
      0.0
    ],
    [
      -0.09718434,
      0.97439197,
      0.20276977,
      0.0
    ],
    [
      55.90736919,
      -0.61545462,
      98.99938302,
      1.0
    ]
  ],
  "Bip01 R Finger42": [
    [
      0.17633158,
      0.21736818,
      -0.96003044,
      0.0
    ],
    [
      -0.97952151,
      -0.05754527,
      -0.19294086,
      0.0
    ],
    [
      -0.09718434,
      0.97439197,
      0.20276977,
      0.0
    ],
    [
      56.50257137,
      -0.32605299,
      97.89395976,
      1.0
    ]
  ],
  "Bip01 R Foot": [
    [
      -2e-08,
      1e-08,
      -1.00000007,
      0.0
    ],
    [
      0.04564025,
      0.99895795,
      0.0,
      0.0
    ],
    [
      0.998958,
      -0.04564021,
      1e-08,
      0.0
    ],
    [
      7.30147933,
      -4.87343038,
      6.7481428,
      1.0
    ]
  ],
  "Bip01 R Forearm": [
    [
      0.97441158,
      0.21247225,
      -0.07333234,
      0.0
    ],
    [
      0.21081827,
      -0.97707433,
      -0.02969129,
      0.0
    ],
    [
      -0.07795971,
      0.01347174,
      -0.99686557,
      0.0
    ],
    [
      32.48362937,
      -3.28484896,
      101.90173694,
      1.0
    ]
  ],
  "Bip01 R ForearmTwist": [
    [
      0.97441133,
      0.21247349,
      -0.07333208,
      0.0
    ],
    [
      -0.08042438,
      0.02491955,
      -0.99644923,
      0.0
    ],
    [
      -0.20989157,
      0.97684912,
      0.04136994,
      0.0
    ],
    [
      32.48362955,
      -3.28486805,
      101.90173642,
      1.0
    ]
  ],
  "Bip01 R Hand": [
    [
      0.97651358,
      0.2105292,
      -0.0458117,
      0.0
    ],
    [
      -0.05345381,
      0.03075043,
      -0.99809681,
      0.0
    ],
    [
      -0.2087197,
      0.97710385,
      0.0412818,
      0.0
    ],
    [
      46.88186794,
      -0.14528678,
      100.81815737,
      1.0
    ]
  ],
  "Bip01 R Shoulder Helper": [
    [
      0.9992702,
      0.02833557,
      0.02561629,
      0.0
    ],
    [
      -0.03226724,
      0.98507504,
      0.16907435,
      0.0
    ],
    [
      -0.02044316,
      -0.16977752,
      0.9852704,
      0.0
    ],
    [
      10.7190822,
      -2.44702407,
      103.61516121,
      1.0
    ]
  ],
  "Bip01 R Thigh": [
    [
      0.01788452,
      -0.00594744,
      -0.99982246,
      0.0
    ],
    [
      -0.02932981,
      0.99954883,
      -0.00647046,
      0.0
    ],
    [
      0.99940985,
      0.02944035,
      0.01770205,
      0.0
    ],
    [
      6.09704492,
      -0.4639938,
      67.41400156,
      1.0
    ]
  ],
  "Bip01 R Toe0": [
    [
      0.04564025,
      0.99895789,
      -3e-08,
      0.0
    ],
    [
      2e-08,
      3e-08,
      1.00000001,
      0.0
    ],
    [
      0.998958,
      -0.04564021,
      1e-08,
      0.0
    ],
    [
      7.75540827,
      5.06200925,
      -0.26345817,
      1.0
    ]
  ],
  "Bip01 R UpperArm": [
    [
      0.99618222,
      -0.03834793,
      -0.07842452,
      0.0
    ],
    [
      -0.03928428,
      -0.99917373,
      -0.01043071,
      0.0
    ],
    [
      -0.07795971,
      0.01347174,
      -0.99686557,
      0.0
    ],
    [
      10.71908319,
      -2.44702407,
      103.61516112,
      1.0
    ]
  ],
  "Bip01 R UpperArmTwist": [
    [
      -0.99618213,
      0.0383484,
      0.07842464,
      0.0
    ],
    [
      0.07795982,
      -0.01347194,
      0.9968655,
      0.0
    ],
    [
      0.03928476,
      0.99917365,
      0.01043081,
      0.0
    ],
    [
      23.11643467,
      -2.92427383,
      102.63917288,
      1.0
    ]
  ],
  "Bip01 R Wrist Helper": [
    [
      0.97651358,
      0.2105292,
      -0.04581168,
      0.0
    ],
    [
      -0.05345379,
      0.03075043,
      -0.99809681,
      0.0
    ],
    [
      -0.2087197,
      0.97710385,
      0.0412818,
      0.0
    ],
    [
      51.88185559,
      -0.14531731,
      105.8181538,
      1.0
    ]
  ],
  "Bip01 Spine": [
    [
      -1.7e-07,
      0.12710351,
      0.99188948,
      0.0
    ],
    [
      1.32e-06,
      0.99188948,
      -0.12710351,
      0.0
    ],
    [
      -1.0,
      1.25e-06,
      -3.7e-07,
      0.0
    ],
    [
      1.09e-06,
      -0.47105676,
      74.42671204,
      1.0
    ]
  ],
  "Bip01 Spine1": [
    [
      3e-08,
      -0.01136552,
      0.99993546,
      0.0
    ],
    [
      1.31e-06,
      0.99993546,
      0.01136552,
      0.0
    ],
    [
      -1.0,
      1.28e-06,
      2e-08,
      0.0
    ],
    [
      -4.5e-07,
      0.65688453,
      83.2843357,
      1.0
    ]
  ],
  "Bip01 Spine2": [
    [
      1.6e-07,
      -0.09740304,
      0.99524506,
      0.0
    ],
    [
      1.31e-06,
      0.99524506,
      0.09740304,
      0.0
    ],
    [
      -1.0,
      1.26e-06,
      2.5e-07,
      0.0
    ],
    [
      -1.6e-07,
      0.54435409,
      92.21280825,
      1.0
    ]
  ],
  "Camera01": [
    [
      1.0,
      -1.34e-06,
      1.51e-06,
      0.0
    ],
    [
      -1.48e-06,
      2.2e-07,
      1.00000008,
      0.0
    ],
    [
      -1.36e-06,
      -1.00000008,
      2.2e-07,
      0.0
    ],
    [
      2.94e-06,
      -3.85232931,
      117.99987485,
      1.0
    ]
  ],
  "Quiver": [
    [
      -1.00000131,
      2.67e-06,
      1.82e-06,
      0.0
    ],
    [
      -1.88e-06,
      -0.03401434,
      -0.99942263,
      0.0
    ],
    [
      -2.68e-06,
      -0.99942263,
      0.03401439,
      0.0
    ],
    [
      7.41690947,
      -11.86579945,
      79.644988,
      1.0
    ]
  ],
  "SideWeapon": [
    [
      -2.81e-06,
      0.8205579,
      -0.57156333,
      0.0
    ],
    [
      -0.10619768,
      -0.56833139,
      -0.81591754,
      0.0
    ],
    [
      -0.994345,
      0.06069638,
      0.08714292,
      0.0
    ],
    [
      -14.61109077,
      3.14189393,
      76.06199646,
      1.0
    ]
  ],
  "Torch": [
    [
      -0.99342553,
      -0.00272262,
      0.11444758,
      0.0
    ],
    [
      -0.00286018,
      0.99999527,
      -0.00103776,
      0.0
    ],
    [
      -0.11444418,
      -0.00135825,
      -0.99342879,
      0.0
    ],
    [
      -52.65817994,
      3.6216648,
      99.25297859,
      1.0
    ]
  ],
  "Weapon": [
    [
      1.00000022,
      7.7e-07,
      -7.6e-07,
      0.0
    ],
    [
      -7.1e-07,
      1.00000023,
      3e-07,
      0.0
    ],
    [
      7.5e-07,
      -3e-07,
      1.00000023,
      0.0
    ],
    [
      52.1832319,
      1.95713843,
      99.2289508,
      1.0
    ]
  ],
  "magicNode": [
    [
      6e-07,
      -0.01136565,
      0.99993542,
      0.0
    ],
    [
      2e-08,
      0.99993542,
      0.01136565,
      0.0
    ],
    [
      -1.0,
      -2e-08,
      5.7e-07,
      0.0
    ],
    [
      -3.86e-06,
      11.52794463,
      97.65100791,
      1.0
    ]
  ]
}