{
  "AnimObjectA": [
    [
      1.0,
      1e-07,
      0.0,
      0.0
    ],
    [
      -1e-07,
      1.0,
      2.3e-07,
      0.0
    ],
    [
      0.0,
      -2.3e-07,
      1.0,
      0.0
    ],
    [
      -5.0,
      -8e-07,
      0.0,
      1.0
    ]
  ],
  "AnimObjectB": [
    [
      1.0,
      1e-07,
      0.0,
      0.0
    ],
    [
      -1e-07,
      1.0,
      2.3e-07,
      0.0
    ],
    [
      0.0,
      -2.3e-07,
      1.0,
      0.0
    ],
    [
      5.0,
      -8e-07,
      -0.0,
      1.0
    ]
  ],
  "AnimObjectL": [
    [
      0.03116589,
      0.41238574,
      -0.91047654,
      0.0
    ],
    [
      0.17474651,
      0.89464146,
      0.41119513,
      0.0
    ],
    [
      0.98412062,
      -0.17191782,
      -0.04418061,
      0.0
    ],
    [
      -28.85851651,
      4.93124733,
      65.91166162,
      1.0
    ]
  ],
  "AnimObjectR": [
    [
      -0.30730111,
      -0.44660523,
      0.84030312,
      0.0
    ],
    [
      -0.17474659,
      0.89449857,
      0.41150399,
      0.0
    ],
    [
      -0.93543005,
      -0.02038448,
      -0.35292322,
      0.0
    ],
    [
      28.85853684,
      4.93817755,
      65.91510058,
      1.0
    ]
  ],
  "Camera Control": [
    [
      1.0,
      1e-07,
      0.0,
      0.0
    ],
    [
      -1e-07,
      1.0,
      2.3e-07,
      0.0
    ],
    [
      0.0,
      -2.3e-07,
      1.0,
      0.0
    ],
    [
      0.0,
      -2.4e-07,
      -0.0,
      1.0
    ]
  ],
  "Camera3rd [Cam3]": [
    [
      1.0,
      1e-07,
      0.0,
      0.0
    ],
    [
      -1e-07,
      1.0,
      2.3e-07,
      0.0
    ],
    [
      0.0,
      -2.3e-07,
      1.0,
      0.0
    ],
    [
      8.4e-07,
      -0.0,
      121.0,
      1.0
    ]
  ],
  "CharacterBumper": [
    [
      1.0,
      0.0,
      0.0,
      0.0
    ],
    [
      0.0,
      1.0,
      0.0,
      0.0
    ],
    [
      0.0,
      0.0,
      1.0,
      0.0
    ],
    [
      0.0,
      17.0,
      10.0,
      1.0
    ]
  ],
  "MagicEffectsNode": [
    [
      1.0,
      0.0,
      0.0,
      0.0
    ],
    [
      -0.0,
      0.99999999,
      0.0,
      0.0
    ],
    [
      -0.0,
      -0.0,
      0.99999999,
      0.0
    ],
    [
      2.485e-05,
      -0.07564173,
      77.34508085,
      1.0
    ]
  ],
  "NPC": [
    [
      1.0,
      0.0,
      0.0,
      0.0
    ],
    [
      0.0,
      1.0,
      0.0,
      0.0
    ],
    [
      0.0,
      0.0,
      1.0,
      0.0
    ],
    [
      0.0,
      0.0,
      0.0,
      1.0
    ]
  ],
  "NPC COM [COM ]": [
    [
      1.0,
      1e-07,
      0.0,
      0.0
    ],
    [
      -1e-07,
      1.0,
      2.3e-07,
      0.0
    ],
    [
      0.0,
      -2.3e-07,
      1.0,
      0.0
    ],
    [
      -2.69e-06,
      -1.047e-05,
      68.91130066,
      1.0
    ]
  ],
  "NPC Head MagicNode [Hmag]": [
    [
      0.99994307,
      -0.01060333,
      0.00118019,
      0.0
    ],
    [
      0.01060444,
      0.99994332,
      -0.0009392,
      0.0
    ],
    [
      -0.00117017,
      0.00095164,
      0.99999883,
      0.0
    ],
    [
      0.12594616,
      9.98819033,
      117.05788649,
      1.0
    ]
  ],
  "NPC Head [Head]": [
    [
      0.99994307,
      -0.01060333,
      0.00118019,
      0.0
    ],
    [
      0.01060444,
      0.99994332,
      -0.0009392,
      0.0
    ],
    [
      -0.00117017,
      0.00095164,
      0.99999883,
      0.0
    ],
    [
      -0.00025638,
      -1.54751743,
      120.34359234,
      1.0
    ]
  ],
  "NPC L Calf [LClf]": [
    [
      -0.99484788,
      -0.02268978,
      0.09880757,
      0.0
    ],
    [
      -0.03868514,
      0.98584805,
      -0.1631166,
      0.0
    ],
    [
      -0.09370818,
      -0.1660986,
      -0.98164662,
      0.0
    ],
    [
      -10.12277068,
      -1.31160538,
      33.51360288,
      1.0
    ]
  ],
  "NPC L Clavicle [LClv]": [
    [
      -0.44900871,
      0.30508904,
      0.83982839,
      0.0
    ],
    [
      -0.39239772,
      0.77709103,
      -0.49209092,
      0.0
    ],
    [
      -0.80275468,
      -0.55049991,
      -0.2292044,
      0.0
    ],
    [
      -1.69508431,
      2.50224123,
      109.74206763,
      1.0
    ]
  ],
  "NPC L Finger00 [LF00]": [
    [
      -0.9231726,
      0.18845447,
      -0.33502005,
      0.0
    ],
    [
      -0.15323257,
      0.61889509,
      0.77038289,
      0.0
    ],
    [
      0.35252416,
      0.7625319,
      -0.54246922,
      0.0
    ],
    [
      -28.54839851,
      5.73955562,
      70.97752066,
      1.0
    ]
  ],
  "NPC L Finger01 [LF01]": [
    [
      -0.96695377,
      0.06684801,
      -0.24603449,
      0.0
    ],
    [
      -0.07833298,
      0.84044225,
      0.5362107,
      0.0
    ],
    [
      0.24262223,
      0.53776321,
      -0.80743188,
      0.0
    ],
    [
      -27.40759152,
      8.20718946,
      69.22203618,
      1.0
    ]
  ],
  "NPC L Finger02 [LF02]": [
    [
      -0.97765139,
      0.04049852,
      -0.20629791,
      0.0
    ],
    [
      -0.06101562,
      0.88437781,
      0.46276794,
      0.0
    ],
    [
      0.20118655,
      0.46501278,
      -0.86214158,
      0.0
    ],
    [
      -26.71927849,
      9.73281132,
      66.93137443,
      1.0
    ]
  ],
  "NPC L Finger10 [LF10]": [
    [
      -0.06593088,
      -0.89407916,
      -0.44303119,
      0.0
    ],
    [
      -0.9867422,
      0.12440976,
      -0.1042261,
      0.0
    ],
    [
      0.1483037,
      0.4302856,
      -0.89042757,
      0.0
    ],
    [
      -30.96881176,
      7.80717247,
      66.74018296,
      1.0
    ]
  ],
  "NPC L Finger11 [LF11]": [
    [
      -0.06593087,
      -0.89407915,
      -0.44303121,
      0.0
    ],
    [
      -0.912722,
      0.23345978,
      -0.33531495,
      0.0
    ],
    [
      0.40322787,
      0.38225649,
      -0.83143744,
      0.0
    ],
    [
      -30.60425219,
      8.86488742,
      64.5513524,
      1.0
    ]
  ],
  "NPC L Finger12 [LF12]": [
    [
      -0.06593081,
      -0.89407914,
      -0.44303124,
      0.0
    ],
    [
      -0.78028187,
      0.32293974,
      -0.53560352,
      0.0
    ],
    [
      0.62194401,
      0.31037629,
      -0.718925,
      0.0
    ],
    [
      -29.84104981,
      9.58839549,
      62.97766585,
      1.0
    ]
  ],
  "NPC L Finger20 [LF20]": [
    [
      0.01116482,
      -0.91618496,
      -0.4006015,
      0.0
    ],
    [
      -0.98149163,
      0.06655636,
      -0.17957029,
      0.0
    ],
    [
      0.19118208,
      0.39519165,
      -0.89848427,
      0.0
    ],
    [
      -31.33300497,
      5.80067093,
      65.96599958,
      1.0
    ]
  ],
  "NPC L Finger21 [LF21]": [
    [
      0.01116487,
      -0.91618496,
      -0.4006015,
      0.0
    ],
    [
      -0.88350798,
      0.17857999,
      -0.43304026,
      0.0
    ],
    [
      0.46828415,
      0.35876926,
      -0.80746243,
      0.0
    ],
    [
      -30.72090906,
      7.06593041,
      63.08937271,
      1.0
    ]
  ],
  "NPC L Finger22 [LF22]": [
    [
      0.01116488,
      -0.91618493,
      -0.40060156,
      0.0
    ],
    [
      -0.70929649,
      0.27513169,
      -0.64900082,
      0.0
    ],
    [
      0.70482259,
      0.29139114,
      -0.64677457,
      0.0
    ],
    [
      -29.78928832,
      7.77967897,
      61.48297709,
      1.0
    ]
  ],
  "NPC L Finger30 [LF30]": [
    [
      0.17109573,
      -0.93153864,
      -0.32087864,
      0.0
    ],
    [
      -0.95668973,
      -0.07922349,
      -0.280124,
      0.0
    ],
    [
      0.2355251,
      0.35490909,
      -0.9047477,
      0.0
    ],
    [
      -31.04148535,
      4.04059105,
      65.26456739,
      1.0
    ]
  ],
  "NPC L Finger31 [LF31]": [
    [
      0.17109575,
      -0.93153863,
      -0.32087866,
      0.0
    ],
    [
      -0.8305509,
      0.03883109,
      -0.55558828,
      0.0
    ],
    [
      0.53001177,
      0.36156463,
      -0.76704595,
      0.0
    ],
    [
      -30.41218082,
      4.98887968,
      62.84715548,
      1.0
    ]
  ],
  "NPC L Finger32 [LF32]": [
    [
      0.17109582,
      -0.93153861,
      -0.32087867,
      0.0
    ],
    [
      -0.6957994,
      0.11633974,
      -0.70875189,
      0.0
    ],
    [
      0.69756037,
      0.34453148,
      -0.62825837,
      0.0
    ],
    [
      -29.34831549,
      5.71462911,
      61.30750533,
      1.0
    ]
  ],
  "NPC L Finger40 [LF40]": [
    [
      0.26534999,
      -0.92511254,
      -0.27158281,
      0.0
    ],
    [
      -0.95000354,
      -0.20278912,
      -0.23742556,
      0.0
    ],
    [
      0.16457127,
      0.3210053,
      -0.93266977,
      0.0
    ],
    [
      -30.25963007,
      2.38139035,
      64.75832022,
      1.0
    ]
  ],
  "NPC L Finger41 [LF41]": [
    [
      0.26534996,
      -0.92511254,
      -0.27158285,
      0.0
    ],
    [
      -0.85500294,
      -0.09559828,
      -0.50973716,
      0.0
    ],
    [
      0.44560119,
      0.36746266,
      -0.81634049,
      0.0
    ],
    [
      -29.96986253,
      2.94660249,
      63.11611569,
      1.0
    ]
  ],
  "NPC L Finger42 [LF42]": [
    [
      0.26534999,
      -0.92511254,
      -0.27158283,
      0.0
    ],
    [
      -0.58149838,
      0.07112549,
      -0.8104331,
      0.0
    ],
    [
      0.76905791,
      0.37297321,
      -0.51907802,
      0.0
    ],
    [
      -29.17521117,
      3.60190433,
      61.66032289,
      1.0
    ]
  ],
  "NPC L Foot [Lft ]": [
    [
      -0.96303534,
      -0.26936799,
      0.00196803,
      0.0
    ],
    [
      -0.15026396,
      0.5432535,
      0.82601233,
      0.0
    ],
    [
      -0.22357043,
      0.79518326,
      -0.56364865,
      0.0
    ],
    [
      -12.74189067,
      -5.95400974,
      6.07683248,
      1.0
    ]
  ],
  "NPC L Forearm [LLar]": [
    [
      -0.90731853,
      -0.08738366,
      0.41126267,
      0.0
    ],
    [
      0.10584512,
      0.89918721,
      0.42456926,
      0.0
    ],
    [
      -0.40690259,
      0.42874972,
      -0.80660015,
      0.0
    ],
    [
      -22.40637853,
      -5.09410076,
      85.73111627,
      1.0
    ]
  ],
  "NPC L ForearmTwist1 [LLt1]": [
    [
      -0.40690484,
      0.42874832,
      -0.80659976,
      0.0
    ],
    [
      -0.16696477,
      -0.90303895,
      -0.395782,
      0.0
    ],
    [
      -0.89808185,
      -0.02637195,
      0.43903692,
      0.0
    ],
    [
      -26.52314506,
      -0.75634044,
      77.57052249,
      1.0
    ]
  ],
  "NPC L ForearmTwist2 [LLt2]": [
    [
      -0.40690559,
      0.42874877,
      -0.80659914,
      0.0
    ],
    [
      -0.18534448,
      -0.90338964,
      -0.38669705,
      0.0
    ],
    [
      -0.89446915,
      -0.00785053,
      0.44706056,
      0.0
    ],
    [
      -24.29386802,
      -3.10530851,
      81.98959143,
      1.0
    ]
  ],
  "NPC L Hand [LHnd]": [
    [
      -0.17474681,
      -0.8946415,
      -0.4111949,
      0.0
    ],
    [
      -0.93543023,
      0.02050602,
      0.35291757,
      0.0
    ],
    [
      -0.30730257,
      0.44631509,
      -0.84045759,
      0.0
    ],
    [
      -28.93579935,
      1.78590556,
      72.78786153,
      1.0
    ]
  ],
  "NPC L MagicNode [LMag]": [
    [
      -0.17474681,
      -0.8946415,
      -0.4111949,
      0.0
    ],
    [
      -0.93543023,
      0.02050602,
      0.35291757,
      0.0
    ],
    [
      -0.30730257,
      0.44631509,
      -0.84045759,
      0.0
    ],
    [
      -27.52590865,
      6.04984064,
      64.12755265,
      1.0
    ]
  ],
  "NPC L Pauldron": [
    [
      0.93551456,
      -0.0098836,
      0.35314974,
      0.0
    ],
    [
      0.00872754,
      0.99995006,
      0.00486588,
      0.0
    ],
    [
      -0.35318021,
      -0.00146997,
      0.93555406,
      0.0
    ],
    [
      -11.10699696,
      -3.07294634,
      104.85297893,
      1.0
    ]
  ],
  "NPC L Thigh [LThg]": [
    [
      -0.99427211,
      -0.03790557,
      0.09993124,
      0.0
    ],
    [
      -0.04137854,
      0.99860132,
      -0.03291234,
      0.0
    ],
    [
      -0.09854391,
      -0.03685883,
      -0.99444985,
      0.0
    ],
    [
      -6.6150734,
      0.00039436,
      68.91130066,
      1.0
    ]
  ],
  "NPC L Toe0 [LToe]": [
    [
      -0.96380991,
      -0.26659061,
      2.2e-07,
      0.0
    ],
    [
      1.9e-07,
      1.3e-07,
      1.00000004,
      0.0
    ],
    [
      -0.26659063,
      0.96380985,
      -8e-08,
      0.0
    ],
    [
      -15.12291876,
      2.51469549,
      0.05420552,
      1.0
    ]
  ],
  "NPC L UpperArm [LUar]": [
    [
      -0.90731853,
      -0.08738369,
      0.41126267,
      0.0
    ],
    [
      -0.07714021,
      0.99615716,
      0.04147503,
      0.0
    ],
    [
      -0.41330655,
      0.00590614,
      -0.91057272,
      0.0
    ],
    [
      -12.96893435,
      -5.22895576,
      106.52312405,
      1.0
    ]
  ],
  "NPC L UpperarmTwist1 [LUt1]": [
    [
      -0.41330612,
      0.00590618,
      -0.91057292,
      0.0
    ],
    [
      0.07714,
      -0.99615718,
      -0.04147493,
      0.0
    ],
    [
      -0.9073187,
      -0.08738345,
      0.41126236,
      0.0
    ],
    [
      -12.96892118,
      -5.22895005,
      106.52312649,
      1.0
    ]
  ],
  "NPC L UpperarmTwist2 [LUt2]": [
    [
      -0.41330658,
      0.00590614,
      -0.91057271,
      0.0
    ],
    [
      0.07714048,
      -0.99615713,
      -0.04147515,
      0.0
    ],
    [
      -0.90731845,
      -0.08738399,
      0.4112628,
      0.0
    ],
    [
      -15.87872992,
      -5.18736944,
      100.11237994,
      1.0
    ]
  ],
  "NPC Neck [Neck]": [
    [
      0.99994388,
      -0.01039189,
      0.00205587,
      0.0
    ],
    [
      0.01059325,
      0.98151432,
      -0.1910952,
      0.0
    ],
    [
      -3.202e-05,
      0.19110626,
      0.98156933,
      0.0
    ],
    [
      -1.96e-05,
      -2.9603207,
      113.08708906,
      1.0
    ]
  ],
  "NPC Pelvis [Pelv]": [
    [
      1.0,
      0.0,
      -0.0,
      0.0
    ],
    [
      -0.0,
      1.0,
      0.0,
      0.0
    ],
    [
      -0.0,
      0.0,
      1.0,
      0.0
    ],
    [
      -2.58e-06,
      -1.047e-05,
      68.91130066,
      1.0
    ]
  ],
  "NPC R Calf [RClf]": [
    [
      -0.99485387,
      0.02267061,
      -0.09875188,
      0.0
    ],
    [
      0.03865546,
      0.98585162,
      -0.16310241,
      0.0
    ],
    [
      0.09365706,
      -0.16608034,
      -0.98165463,
      0.0
    ],
    [
      10.12160895,
      -1.31121871,
      33.51346764,
      1.0
    ]
  ],
  "NPC R Clavicle [RClv]": [
    [
      -0.44900727,
      -0.30509323,
      -0.83982781,
      0.0
    ],
    [
      0.39239279,
      0.77709264,
      -0.49209243,
      0.0
    ],
    [
      0.80275812,
      -0.55049537,
      -0.22920393,
      0.0
    ],
    [
      1.69510629,
      2.5022297,
      109.74204955,
      1.0
    ]
  ],
  "NPC R Finger00 [RF00]": [
    [
      -0.92317136,
      -0.18857031,
      0.33495614,
      0.0
    ],
    [
      0.15323355,
      0.61862834,
      0.7705959,
      0.0
    ],
    [
      -0.35252499,
      0.76271857,
      -0.54220471,
      0.0
    ],
    [
      28.54842384,
      5.74473384,
      70.98123452,
      1.0
    ]
  ],
  "NPC R Finger01 [RF01]": [
    [
      -0.96695268,
      -0.06693322,
      0.24601273,
      0.0
    ],
    [
      0.07833358,
      0.84025618,
      0.53650059,
      0.0
    ],
    [
      -0.24262349,
      0.5380417,
      -0.807245,
      0.0
    ],
    [
      27.40761309,
      8.21297054,
      69.22660412,
      1.0
    ]
  ],
  "NPC R Finger02 [RF02]": [
    [
      -0.97765036,
      -0.04056999,
      0.20628532,
      0.0
    ],
    [
      0.06101614,
      0.88421704,
      0.46307314,
      0.0
    ],
    [
      -0.20118792,
      0.46531033,
      -0.86197987,
      0.0
    ],
    [
      26.71929545,
      9.73938504,
      66.93646544,
      1.0
    ]
  ],
  "NPC R Finger10 [RF10]": [
    [
      -0.06593064,
      0.89392531,
      0.44333995,
      0.0
    ],
    [
      0.98674135,
      0.12444613,
      -0.10418446,
      0.0
    ],
    [
      -0.14830507,
      0.43059284,
      -0.89027797,
      0.0
    ],
    [
      30.96883109,
      7.8138122,
      66.74461262,
      1.0
    ]
  ],
  "NPC R Finger11 [RF11]": [
    [
      -0.06593065,
      0.89392533,
      0.44333991,
      0.0
    ],
    [
      0.91272083,
      0.23357584,
      -0.33523529,
      0.0
    ],
    [
      -0.4032289,
      0.38254324,
      -0.83130414,
      0.0
    ],
    [
      30.60427118,
      8.87228488,
      64.55615371,
      1.0
    ]
  ],
  "NPC R Finger12 [RF12]": [
    [
      -0.06593061,
      0.89392534,
      0.4433399,
      0.0
    ],
    [
      0.78028052,
      0.32312481,
      -0.53549253,
      0.0
    ],
    [
      -0.62194463,
      0.31062408,
      -0.71881639,
      0.0
    ],
    [
      29.84106655,
      9.5963393,
      62.98271193,
      1.0
    ]
  ],
  "NPC R Finger20 [RF20]": [
    [
      0.011165,
      0.91604576,
      0.40091777,
      0.0
    ],
    [
      0.98149073,
      0.06661878,
      -0.17954866,
      0.0
    ],
    [
      -0.1911835,
      0.39550166,
      -0.89834671,
      0.0
    ],
    [
      31.3330197,
      5.80758155,
      65.96973849,
      1.0
    ]
  ],
  "NPC R Finger21 [RF21]": [
    [
      0.01116502,
      0.91604577,
      0.40091777,
      0.0
    ],
    [
      0.8835067,
      0.17872987,
      -0.43297956,
      0.0
    ],
    [
      -0.46828524,
      0.35904769,
      -0.80733711,
      0.0
    ],
    [
      30.72091844,
      7.07383708,
      63.09355297,
      1.0
    ]
  ],
  "NPC R Finger22 [RF22]": [
    [
      0.01116505,
      0.91604574,
      0.40091782,
      0.0
    ],
    [
      0.70929495,
      0.27535599,
      -0.64890633,
      0.0
    ],
    [
      -0.70482326,
      0.29161401,
      -0.64667229,
      0.0
    ],
    [
      29.78929324,
      7.78813915,
      61.48740766,
      1.0
    ]
  ],
  "NPC R Finger30 [RF30]": [
    [
      0.1710957,
      0.93142703,
      0.32120008,
      0.0
    ],
    [
      0.95668873,
      -0.07912629,
      -0.28015256,
      0.0
    ],
    [
      -0.23552633,
      0.35522135,
      -0.90462404,
      0.0
    ],
    [
      31.04150467,
      4.04774968,
      65.26769779,
      1.0
    ]
  ],
  "NPC R Finger31 [RF31]": [
    [
      0.17109572,
      0.93142703,
      0.32120007,
      0.0
    ],
    [
      0.83054955,
      0.03902333,
      -0.55557569,
      0.0
    ],
    [
      -0.53001265,
      0.36182919,
      -0.76691966,
      0.0
    ],
    [
      30.41220087,
      4.99687208,
      62.8506216,
      1.0
    ]
  ],
  "NPC R Finger32 [RF32]": [
    [
      0.17109574,
      0.93142701,
      0.3212001,
      0.0
    ],
    [
      0.6957979,
      0.11658484,
      -0.70871218,
      0.0
    ],
    [
      -0.69756094,
      0.34474801,
      -0.62813783,
      0.0
    ],
    [
      29.34833396,
      5.72315079,
      61.31122307,
      1.0
    ]
  ],
  "NPC R Finger40 [RF40]": [
    [
      0.26534982,
      0.925018,
      0.27190195,
      0.0
    ],
    [
      0.95000266,
      -0.20270652,
      -0.23749685,
      0.0
    ],
    [
      -0.16457262,
      0.32132725,
      -0.93255787,
      0.0
    ],
    [
      30.25965356,
      2.3887284,
      64.76087787,
      1.0
    ]
  ],
  "NPC R Finger41 [RF41]": [
    [
      0.26534976,
      0.92501803,
      0.27190194,
      0.0
    ],
    [
      0.85500169,
      -0.0954217,
      -0.50977106,
      0.0
    ],
    [
      -0.44560223,
      0.3677442,
      -0.81621223,
      0.0
    ],
    [
      29.96988398,
      2.95450998,
      63.11886646,
      1.0
    ]
  ],
  "NPC R Finger42 [RF42]": [
    [
      0.26534972,
      0.92501803,
      0.27190197,
      0.0
    ],
    [
      0.58149681,
      0.07140579,
      -0.81040877,
      0.0
    ],
    [
      -0.76905837,
      0.37315187,
      -0.51894758,
      0.0
    ],
    [
      29.17523493,
      3.61031116,
      61.66330371,
      1.0
    ]
  ],
  "NPC R Foot [Rft ]": [
    [
      -0.96303538,
      0.26936797,
      -0.00196791,
      0.0
    ],
    [
      0.15026411,
      0.54325377,
      0.82601216,
      0.0
    ],
    [
      0.22357032,
      0.7951832,
      -0.56364892,
      0.0
    ],
    [
      12.73930195,
      -5.95311096,
      6.07647323,
      1.0
    ]
  ],
  "NPC R Forearm [RLar]": [
    [
      -0.90731933,
      0.08752541,
      -0.41123117,
      0.0
    ],
    [
      -0.10584491,
      0.89904042,
      0.42488022,
      0.0
    ],
    [
      0.40690133,
      0.42902862,
      -0.80645261,
      0.0
    ],
    [
      22.40642904,
      -5.09402422,
      85.73109243,
      1.0
    ]
  ],
  "NPC R ForearmTwist1 [RLt1]": [
    [
      0.40688174,
      0.42903518,
      -0.80645901,
      0.0
    ],
    [
      -0.16696895,
      0.90289858,
      0.39610044,
      0.0
    ],
    [
      0.89809179,
      -0.02651239,
      0.4390084,
      0.0
    ],
    [
      26.52293687,
      -0.75338105,
      77.57196945,
      1.0
    ]
  ],
  "NPC R ForearmTwist2 [RLt2]": [
    [
      0.40690134,
      0.4290317,
      -0.80645112,
      0.0
    ],
    [
      -0.18080337,
      0.9032017,
      0.38927736,
      0.0
    ],
    [
      0.89540032,
      -0.01258844,
      0.44508433,
      0.0
    ],
    [
      24.29412597,
      -3.10387011,
      81.99025388,
      1.0
    ]
  ],
  "NPC R Hand [RHnd]": [
    [
      -0.17474648,
      0.89449856,
      0.41150405,
      0.0
    ],
    [
      0.93543013,
      0.02038443,
      0.352923,
      0.0
    ],
    [
      0.30730096,
      0.44660528,
      -0.84030315,
      0.0
    ],
    [
      28.93583363,
      1.79046355,
      72.79021029,
      1.0
    ]
  ],
  "NPC R MagicNode [RMag]": [
    [
      -0.17474649,
      0.89449856,
      0.41150403,
      0.0
    ],
    [
      0.93543013,
      0.02038444,
      0.35292301,
      0.0
    ],
    [
      0.30730096,
      0.44660527,
      -0.84030315,
      0.0
    ],
    [
      27.52592268,
      6.05739096,
      64.13138671,
      1.0
    ]
  ],
  "NPC R Pauldron": [
    [
      0.93551525,
      0.00987867,
      -0.3531484,
      0.0
    ],
    [
      -0.00872232,
      0.99995012,
      0.00486572,
      0.0
    ],
    [
      0.3531788,
      -0.00147164,
      0.93555475,
      0.0
    ],
    [
      11.10700557,
      -3.07297279,
      104.85299548,
      1.0
    ]
  ],
  "NPC R Thigh [RThg]": [
    [
      -0.99427533,
      0.0379083,
      -0.09989837,
      0.0
    ],
    [
      0.04137909,
      0.99860162,
      -0.03290262,
      0.0
    ],
    [
      0.09851138,
      -0.03684796,
      -0.99445355,
      0.0
    ],
    [
      6.61506824,
      0.00039436,
      68.91130066,
      1.0
    ]
  ],
  "NPC R Toe0 [RToe]": [
    [
      -0.96380994,
      0.26659058,
      -6e-08,
      0.0
    ],
    [
      4e-08,
      3.7e-07,
      1.00000005,
      0.0
    ],
    [
      0.26659062,
      0.96380996,
      -4e-07,
      0.0
    ],
    [
      15.12033012,
      2.51559555,
      0.0538432,
      1.0
    ]
  ],
  "NPC R UpperArm [RUar]": [
    [
      -0.90731928,
      0.08738345,
      -0.41126144,
      0.0
    ],
    [
      0.07713989,
      0.99615721,
      0.04147525,
      0.0
    ],
    [
      0.4133054,
      0.00590656,
      -0.91057342,
      0.0
    ],
    [
      12.96901243,
      -5.22889541,
      106.52311657,
      1.0
    ]
  ],
  "NPC R UpperarmTwist1 [RUt1]": [
    [
      0.41330448,
      0.00590663,
      -0.91057384,
      0.0
    ],
    [
      0.06632486,
      0.99712756,
      0.03657265,
      0.0
    ],
    [
      0.90817437,
      -0.07550931,
      0.41172547,
      0.0
    ],
    [
      12.9690159,
      -5.22889575,
      106.52311814,
      1.0
    ]
  ],
  "NPC R UpperarmTwist2 [RUt2]": [
    [
      0.41330444,
      0.00590665,
      -0.91057385,
      0.0
    ],
    [
      0.06638961,
      0.99712217,
      0.03660202,
      0.0
    ],
    [
      0.90816966,
      -0.07558041,
      0.41172282,
      0.0
    ],
    [
      15.87880672,
      -5.18731017,
      100.11237955,
      1.0
    ]
  ],
  "NPC Root [Root]": [
    [
      1.0,
      1e-07,
      0.0,
      0.0
    ],
    [
      -1e-07,
      1.0,
      2.3e-07,
      0.0
    ],
    [
      0.0,
      -2.3e-07,
      1.0,
      0.0
    ],
    [
      0.0,
      -2.4e-07,
      -0.0,
      1.0
    ]
  ],
  "NPC Spine [Spn0]": [
    [
      1.0,
      -1.22e-06,
      1.2e-07,
      0.0
    ],
    [
      1.23e-06,
      0.99904961,
      -0.04358744,
      0.0
    ],
    [
      -7e-08,
      0.04358744,
      0.99904961,
      0.0
    ],
    [
      6.93e-06,
      -5.23986233,
      72.70291782,
      1.0
    ]
  ],
  "NPC Spine1 [Spn1]": [
    [
      1.0,
      -1.31e-06,
      6e-08,
      0.0
    ],
    [
      1.3e-06,
      0.99424995,
      0.10708412,
      0.0
    ],
    [
      -2e-07,
      -0.10708412,
      0.99424995,
      0.0
    ],
    [
      6.34e-06,
      -4.85852807,
      81.44332142,
      1.0
    ]
  ],
  "NPC Spine2 [Spn2]": [
    [
      1.0,
      -2.57e-06,
      8e-07,
      0.0
    ],
    [
      2.66e-06,
      0.99103346,
      -0.13361384,
      0.0
    ],
    [
      -4.5e-07,
      0.13361384,
      0.99103346,
      0.0
    ],
    [
      4.44e-06,
      -5.93181999,
      91.24884267,
      1.0
    ]
  ],
  "NPCEyeBone": [
    [
      0.99999997,
      -4e-08,
      6e-08,
      0.0
    ],
    [
      4e-08,
      0.99999998,
      1e-08,
      0.0
    ],
    [
      -6e-08,
      -2e-08,
      0.99999998,
      0.0
    ],
    [
      -0.00098697,
      6.55268398,
      124.04828597,
      1.0
    ]
  ],
  "QUIVER": [
    [
      -0.91039262,
      0.03839038,
      0.41196093,
      0.0
    ],
    [
      -0.41298322,
      -0.0238908,
      -0.91042536,
      0.0
    ],
    [
      -0.02510951,
      -0.99897733,
      0.03760448,
      0.0
    ],
    [
      -7.27842072,
      -14.17236349,
      75.3925614,
      1.0
    ]
  ],
  "SHIELD": [
    [
      0.0311661,
      0.41238552,
      -0.91047673,
      0.0
    ],
    [
      0.17474703,
      0.8946415,
      0.41119482,
      0.0
    ],
    [
      0.98412061,
      -0.17191835,
      -0.04418061,
      0.0
    ],
    [
      -28.85851651,
      4.93124733,
      65.91166162,
      1.0
    ]
  ],
  "SkirtBBone01": [
    [
      1.0,
      4e-07,
      -2.47e-06,
      0.0
    ],
    [
      7.6e-07,
      -0.98923898,
      0.14630811,
      0.0
    ],
    [
      -2.39e-06,
      -0.14630811,
      -0.98923898,
      0.0
    ],
    [
      -0.0,
      -11.24628828,
      77.85964966,
      1.0
    ]
  ],
  "SkirtBBone02": [
    [
      1.0,
      3.6e-07,
      -2.5e-06,
      0.0
    ],
    [
      7.2e-07,
      -0.98923893,
      0.1463084,
      0.0
    ],
    [
      -2.42e-06,
      -0.1463084,
      -0.98923893,
      0.0
    ],
    [
      -3.082e-05,
      -13.13610182,
      65.08197639,
      1.0
    ]
  ],
  "SkirtBBone03": [
    [
      1.0,
      3.1e-07,
      -2.53e-06,
      0.0
    ],
    [
      6.8e-07,
      -0.98923889,
      0.1463087,
      0.0
    ],
    [
      -2.46e-06,
      -0.1463087,
      -0.98923889,
      0.0
    ],
    [
      -6.21e-05,
      -15.02591729,
      52.3043034,
      1.0
    ]
  ],
  "SkirtFBone01": [
    [
      -1.0,
      6.37e-06,
      1.857e-05,
      0.0
    ],
    [
      6.87e-06,
      0.99963039,
      0.02718531,
      0.0
    ],
    [
      -1.839e-05,
      0.02718531,
      -0.99963045,
      0.0
    ],
    [
      -0.0,
      11.9315634,
      74.64398193,
      1.0
    ]
  ],
  "SkirtFBone02": [
    [
      -1.0,
      6.29e-06,
      1.857e-05,
      0.0
    ],
    [
      6.79e-06,
      0.99963042,
      0.02718435,
      0.0
    ],
    [
      -1.839e-05,
      0.02718435,
      -0.99963048,
      0.0
    ],
    [
      -0.00023751,
      12.28270593,
      61.73209303,
      1.0
    ]
  ],
  "SkirtFBone03": [
    [
      -1.0,
      6.21e-06,
      1.856e-05,
      0.0
    ],
    [
      6.72e-06,
      0.99963044,
      0.02718339,
      0.0
    ],
    [
      -1.839e-05,
      0.02718339,
      -0.9996305,
      0.0
    ],
    [
      -0.00047502,
      12.63383703,
      48.82020095,
      1.0
    ]
  ],
  "SkirtLBone01": [
    [
      -1.2e-07,
      -0.99999994,
      -1.8e-06,
      0.0
    ],
    [
      -0.98480767,
      -1.2e-07,
      0.17364828,
      0.0
    ],
    [
      -0.17364828,
      1.8e-06,
      -0.98480761,
      0.0
    ],
    [
      -15.08270904,
      -1.29833732,
      76.23293304,
      1.0
    ]
  ],
  "SkirtLBone02": [
    [
      1.1e-07,
      -0.99999994,
      -3.16e-06,
      0.0
    ],
    [
      -0.9962228,
      -3.1e-07,
      0.08683349,
      0.0
    ],
    [
      -0.08683348,
      3.13e-06,
      -0.99622274,
      0.0
    ],
    [
      -17.32566504,
      -1.29831379,
      63.51250672,
      1.0
    ]
  ],
  "SkirtLBone03": [
    [
      1e-07,
      -0.99999994,
      1.86e-06,
      0.0
    ],
    [
      -0.99999997,
      -3e-08,
      1.1e-07,
      0.0
    ],
    [
      -1e-07,
      -1.86e-06,
      -0.99999991,
      0.0
    ],
    [
      -18.44726575,
      -1.29827163,
      50.6446285,
      1.0
    ]
  ],
  "SkirtRBone01": [
    [
      -1.2e-07,
      0.99999994,
      1.92e-06,
      0.0
    ],
    [
      0.98480767,
      -1.2e-07,
      0.17364828,
      0.0
    ],
    [
      0.17364828,
      1.92e-06,
      -0.98480761,
      0.0
    ],
    [
      15.08270387,
      -1.29833732,
      76.23293304,
      1.0
    ]
  ],
  "SkirtRBone02": [
    [
      -1e-07,
      0.99999994,
      2.36e-06,
      0.0
    ],
    [
      0.99622279,
      -1e-08,
      0.08683322,
      0.0
    ],
    [
      0.08683322,
      2.36e-06,
      -0.99622273,
      0.0
    ],
    [
      17.32565942,
      -1.29831261,
      63.51250955,
      1.0
    ]
  ],
  "SkirtRBone03": [
    [
      -2.4e-07,
      0.99999994,
      -3.18e-06,
      0.0
    ],
    [
      0.99999995,
      3.3e-07,
      -4.1e-07,
      0.0
    ],
    [
      -4.2e-07,
      -3.19e-06,
      -0.9999999,
      0.0
    ],
    [
      18.44725485,
      -1.29828073,
      50.64463325,
      1.0
    ]
  ],
  "WEAPON": [
    [
      -0.30730081,
      -0.44660507,
      0.84030275,
      0.0
    ],
    [
      -0.1747464,
      0.89449813,
      0.41150386,
      0.0
    ],
    [
      -0.93542969,
      -0.02038442,
      -0.35292284,
      0.0
    ],
    [
      28.85853684,
      4.93817755,
      65.91510058,
      1.0
    ]
  ],
  "WeaponAxe": [
    [
      0.54806956,
      -0.76197024,
      0.34499429,
      0.0
    ],
    [
      -0.26751695,
      0.23110996,
      0.93542654,
      0.0
    ],
    [
      -0.79249878,
      -0.60497066,
      -0.07717561,
      0.0
    ],
    [
      18.99148873,
      -2.99356793,
      49.86238098,
      1.0
    ]
  ],
  "WeaponBack": [
    [
      0.93388475,
      -0.03344747,
      -0.35600673,
      0.0
    ],
    [
      -0.35755077,
      -0.07587489,
      -0.93080648,
      0.0
    ],
    [
      0.00412115,
      0.99655631,
      -0.08281756,
      0.0
    ],
    [
      12.54890966,
      -8.39199056,
      120.49079103,
      1.0
    ]
  ],
  "WeaponBow": [
    [
      -0.86876339,
      0.24726813,
      0.42907888,
      0.0
    ],
    [
      -0.45601611,
      -0.06153637,
      -0.88784153,
      0.0
    ],
    [
      -0.19313095,
      -0.9669911,
      0.1662188,
      0.0
    ],
    [
      -3.55806968,
      -16.08528764,
      95.10532921,
      1.0
    ]
  ],
  "WeaponDagger": [
    [
      -0.62708679,
      -0.71956705,
      0.29830552,
      0.0
    ],
    [
      -0.26663506,
      -0.16153614,
      -0.95016443,
      0.0
    ],
    [
      0.73189389,
      -0.67537395,
      -0.09056475,
      0.0
    ],
    [
      -8.60921641,
      5.78743746,
      71.90265656,
      1.0
    ]
  ],
  "WeaponMace": [
    [
      0.00808424,
      0.94594872,
      -0.32421544,
      0.0
    ],
    [
      0.09612918,
      -0.32345963,
      -0.94134641,
      0.0
    ],
    [
      -0.99533606,
      -0.02355647,
      -0.0935483,
      0.0
    ],
    [
      12.36928491,
      -3.39527009,
      72.07944489,
      1.0
    ]
  ],
  "WeaponSword": [
    [
      0.06853902,
      -0.80751479,
      0.58585179,
      0.0
    ],
    [
      -0.21068835,
      -0.58570409,
      -0.78266281,
      0.0
    ],
    [
      0.9751476,
      -0.06978917,
      -0.21027756,
      0.0
    ],
    [
      -11.89147826,
      1.91688218,
      75.5773468,
      1.0
    ]
  ]
}