{
  "AnimObjectA": [
    [
      1.0,
      1e-07,
      0.0,
      0.0
    ],
    [
      -1e-07,
      1.0,
      2.3e-07,
      0.0
    ],
    [
      0.0,
      -2.3e-07,
      1.0,
      0.0
    ],
    [
      -5.0,
      -8e-07,
      -0.0,
      1.0
    ]
  ],
  "AnimObjectB": [
    [
      1.0,
      1e-07,
      0.0,
      0.0
    ],
    [
      -1e-07,
      1.0,
      2.3e-07,
      0.0
    ],
    [
      0.0,
      -2.3e-07,
      1.0,
      0.0
    ],
    [
      5.0,
      -8e-07,
      0.0,
      1.0
    ]
  ],
  "AnimObjectL": [
    [
      0.02654363,
      0.3512206,
      -0.77543433,
      0.0
    ],
    [
      0.14882805,
      0.76194783,
      0.35020672,
      0.0
    ],
    [
      0.83815555,
      -0.146419,
      -0.03762751,
      0.0
    ],
    [
      -28.86998095,
      4.46474377,
      66.93151351,
      1.0
    ]
  ],
  "AnimObjectR": [
    [
      -0.26172243,
      -0.38036481,
      0.71566939,
      0.0
    ],
    [
      -0.14882823,
      0.7618267,
      0.35046969,
      0.0
    ],
    [
      -0.79668703,
      -0.01736103,
      -0.30057797,
      0.0
    ],
    [
      28.87001327,
      4.47130281,
      66.93480891,
      1.0
    ]
  ],
  "Camera Control": [
    [
      1.0,
      1e-07,
      0.0,
      0.0
    ],
    [
      -1e-07,
      1.0,
      2.3e-07,
      0.0
    ],
    [
      0.0,
      -2.3e-07,
      1.0,
      0.0
    ],
    [
      0.0,
      -2.4e-07,
      -0.0,
      1.0
    ]
  ],
  "Camera3rd [Cam3]": [
    [
      1.0,
      1e-07,
      0.0,
      0.0
    ],
    [
      -1e-07,
      1.0,
      2.3e-07,
      0.0
    ],
    [
      0.0,
      -2.3e-07,
      1.0,
      0.0
    ],
    [
      8.4e-07,
      -0.0,
      121.0,
      1.0
    ]
  ],
  "CharacterBumper": [
    [
      1.0,
      0.0,
      0.0,
      0.0
    ],
    [
      0.0,
      1.0,
      0.0,
      0.0
    ],
    [
      0.0,
      0.0,
      1.0,
      0.0
    ],
    [
      0.0,
      17.0,
      10.0,
      1.0
    ]
  ],
  "MagicEffectsNode": [
    [
      1.0,
      -0.0,
      0.0,
      0.0
    ],
    [
      0.0,
      0.99999999,
      -0.0,
      0.0
    ],
    [
      -0.0,
      0.0,
      0.99999999,
      0.0
    ],
    [
      2.485e-05,
      -0.07564156,
      77.34507319,
      1.0
    ]
  ],
  "NPC": [
    [
      1.0,
      0.0,
      0.0,
      0.0
    ],
    [
      0.0,
      1.0,
      0.0,
      0.0
    ],
    [
      0.0,
      0.0,
      1.0,
      0.0
    ],
    [
      0.0,
      0.0,
      0.0,
      1.0
    ]
  ],
  "NPC COM [COM ]": [
    [
      1.0,
      1e-07,
      0.0,
      0.0
    ],
    [
      -1e-07,
      1.0,
      2.3e-07,
      0.0
    ],
    [
      0.0,
      -2.3e-07,
      1.0,
      0.0
    ],
    [
      -2.69e-06,
      -1.047e-05,
      68.91130066,
      1.0
    ]
  ],
  "NPC Head MagicNode [Hmag]": [
    [
      0.99994307,
      -0.01060332,
      0.00118019,
      0.0
    ],
    [
      0.01060443,
      0.99994333,
      -0.00093909,
      0.0
    ],
    [
      -0.00117017,
      0.00095154,
      0.99999884,
      0.0
    ],
    [
      0.12594561,
      9.98818207,
      117.05789253,
      1.0
    ]
  ],
  "NPC Head [Head]": [
    [
      0.99994307,
      -0.01060332,
      0.00118019,
      0.0
    ],
    [
      0.01060443,
      0.99994333,
      -0.00093906,
      0.0
    ],
    [
      -0.00117017,
      0.00095151,
      0.99999884,
      0.0
    ],
    [
      -0.00025616,
      -1.54752429,
      120.34358919,
      1.0
    ]
  ],
  "NPC L Calf [LClf]": [
    [
      -0.99484789,
      -0.02268961,
      0.09880726,
      0.0
    ],
    [
      -0.03868462,
      0.98584862,
      -0.1631135,
      0.0
    ],
    [
      -0.09370802,
      -0.16609545,
      -0.98164713,
      0.0
    ],
    [
      -10.12275969,
      -1.3116127,
      33.51361778,
      1.0
    ]
  ],
  "NPC L Clavicle [LClv]": [
    [
      -0.44900895,
      0.30508883,
      0.83982842,
      0.0
    ],
    [
      -0.39239766,
      0.77709112,
      -0.49209087,
      0.0
    ],
    [
      -0.80275468,
      -0.55049989,
      -0.22920479,
      0.0
    ],
    [
      -1.69508418,
      2.50223859,
      109.74206837,
      1.0
    ]
  ],
  "NPC L Finger00 [LF00]": [
    [
      -0.78624723,
      0.16050268,
      -0.28533001,
      0.0
    ],
    [
      -0.13050553,
      0.52710016,
      0.65611953,
      0.0
    ],
    [
      0.30023772,
      0.64943298,
      -0.46200971,
      0.0
    ],
    [
      -28.55206854,
      4.81843278,
      71.40804354,
      1.0
    ]
  ],
  "NPC L Finger01 [LF01]": [
    [
      -0.82353476,
      0.05693293,
      -0.20954289,
      0.0
    ],
    [
      -0.06671499,
      0.7157875,
      0.45667978,
      0.0
    ],
    [
      0.2066367,
      0.45800195,
      -0.68767318,
      0.0
    ],
    [
      -27.72457624,
      6.60835059,
      70.13468813,
      1.0
    ]
  ],
  "NPC L Finger02 [LF02]": [
    [
      -0.83264571,
      0.03449162,
      -0.17570008,
      0.0
    ],
    [
      -0.05196612,
      0.75320651,
      0.39413007,
      0.0
    ],
    [
      0.17134683,
      0.39604188,
      -0.73426834,
      0.0
    ],
    [
      -27.22530094,
      7.71497696,
      68.47313329,
      1.0
    ]
  ],
  "NPC L Finger10 [LF10]": [
    [
      -0.05615201,
      -0.76146898,
      -0.37732084,
      0.0
    ],
    [
      -0.84038826,
      0.10595739,
      -0.08876747,
      0.0
    ],
    [
      0.12630752,
      0.36646554,
      -0.75835899,
      0.0
    ],
    [
      -30.39685425,
      6.26476483,
      68.39164313,
      1.0
    ]
  ],
  "NPC L Finger11 [LF11]": [
    [
      -0.05615199,
      -0.76146897,
      -0.37732086,
      0.0
    ],
    [
      -0.7773467,
      0.19883305,
      -0.28558108,
      0.0
    ],
    [
      0.34342119,
      0.32556011,
      -0.70811824,
      0.0
    ],
    [
      -30.13242116,
      7.03199254,
      66.80395301,
      1.0
    ]
  ],
  "NPC L Finger12 [LF12]": [
    [
      -0.05615201,
      -0.76146895,
      -0.37732089,
      0.0
    ],
    [
      -0.66455018,
      0.27504133,
      -0.45616263,
      0.0
    ],
    [
      0.52969716,
      0.26434119,
      -0.61229376,
      0.0
    ],
    [
      -29.57882453,
      7.55679841,
      65.66245994,
      1.0
    ]
  ],
  "NPC L Finger20 [LF20]": [
    [
      0.00950884,
      -0.78029601,
      -0.34118431,
      0.0
    ],
    [
      -0.83591644,
      0.05668486,
      -0.15293671,
      0.0
    ],
    [
      0.16282629,
      0.33657673,
      -0.76522069,
      0.0
    ],
    [
      -30.68100234,
      4.68913079,
      67.79353277,
      1.0
    ]
  ],
  "NPC L Finger21 [LF21]": [
    [
      0.00950876,
      -0.78029598,
      -0.34118437,
      0.0
    ],
    [
      -0.75246563,
      0.15209326,
      -0.36881186,
      0.0
    ],
    [
      0.39882848,
      0.30555646,
      -0.68769915,
      0.0
    ],
    [
      -30.23701358,
      5.60689628,
      65.70694961,
      1.0
    ]
  ],
  "NPC L Finger22 [LF22]": [
    [
      0.00950877,
      -0.78029598,
      -0.34118438,
      0.0
    ],
    [
      -0.60409315,
      0.23432431,
      -0.552741,
      0.0
    ],
    [
      0.60028338,
      0.24817178,
      -0.55084451,
      0.0
    ],
    [
      -29.44357508,
      6.21477999,
      64.33881868,
      1.0
    ]
  ],
  "NPC L Finger30 [LF30]": [
    [
      0.14571871,
      -0.79337242,
      -0.27328598,
      0.0
    ],
    [
      -0.81479319,
      -0.06747288,
      -0.23857609,
      0.0
    ],
    [
      0.20059216,
      0.30226895,
      -0.77055516,
      0.0
    ],
    [
      -30.40669307,
      3.32336985,
      67.25738425,
      1.0
    ]
  ],
  "NPC L Finger31 [LF31]": [
    [
      0.14571879,
      -0.79337242,
      -0.27328595,
      0.0
    ],
    [
      -0.70736322,
      0.03307178,
      -0.47318346,
      0.0
    ],
    [
      0.45140051,
      0.30793728,
      -0.65327731,
      0.0
    ],
    [
      -29.95022355,
      4.01121787,
      65.50389657,
      1.0
    ]
  ],
  "NPC L Finger32 [LF32]": [
    [
      0.14571876,
      -0.7933724,
      -0.27328602,
      0.0
    ],
    [
      -0.59259808,
      0.09908442,
      -0.60362971,
      0.0
    ],
    [
      0.5940982,
      0.29343044,
      -0.53507473,
      0.0
    ],
    [
      -29.17854044,
      4.53764669,
      64.38709623,
      1.0
    ]
  ],
  "NPC L Finger40 [LF40]": [
    [
      0.22599317,
      -0.78789949,
      -0.23130164,
      0.0
    ],
    [
      -0.80909868,
      -0.17271127,
      -0.20221073,
      0.0
    ],
    [
      0.14016219,
      0.27339374,
      -0.79433586,
      0.0
    ],
    [
      -29.71477493,
      2.04352069,
      66.88748194,
      1.0
    ]
  ],
  "NPC L Finger41 [LF41]": [
    [
      0.22599319,
      -0.78789948,
      -0.23130168,
      0.0
    ],
    [
      -0.72818852,
      -0.08141902,
      -0.43413303,
      0.0
    ],
    [
      0.37950968,
      0.31296053,
      -0.69526049,
      0.0
    ],
    [
      -29.50458591,
      2.45350729,
      65.69629005,
      1.0
    ]
  ],
  "NPC L Finger42 [LF42]": [
    [
      0.22599292,
      -0.78789954,
      -0.23130172,
      0.0
    ],
    [
      -0.49525022,
      0.06057644,
      -0.69022953,
      0.0
    ],
    [
      0.65499121,
      0.3176535,
      -0.44208804,
      0.0
    ],
    [
      -28.92818044,
      2.92883674,
      64.64031709,
      1.0
    ]
  ],
  "NPC L Foot [Lft ]": [
    [
      -0.96303527,
      -0.26936828,
      0.00196809,
      0.0
    ],
    [
      -0.15026408,
      0.54325348,
      0.82601236,
      0.0
    ],
    [
      -0.22357068,
      0.7951833,
      -0.56364858,
      0.0
    ],
    [
      -12.74187788,
      -5.95394048,
      6.07681976,
      1.0
    ]
  ],
  "NPC L Forearm [LLar]": [
    [
      -0.90731876,
      -0.08738379,
      0.41126243,
      0.0
    ],
    [
      0.10584499,
      0.89918712,
      0.42456962,
      0.0
    ],
    [
      -0.40690241,
      0.42874992,
      -0.80660023,
      0.0
    ],
    [
      -22.40637453,
      -5.09409504,
      85.73109417,
      1.0
    ]
  ],
  "NPC L ForearmTwist1 [LLt1]": [
    [
      -0.40690504,
      0.42874801,
      -0.80659992,
      0.0
    ],
    [
      -0.16696514,
      -0.90303906,
      -0.39578156,
      0.0
    ],
    [
      -0.89808184,
      -0.02637141,
      0.43903708,
      0.0
    ],
    [
      -26.52314657,
      -0.75632949,
      77.57049782,
      1.0
    ]
  ],
  "NPC L ForearmTwist2 [LLt2]": [
    [
      -0.40690542,
      0.42874882,
      -0.80659929,
      0.0
    ],
    [
      -0.18534451,
      -0.90338965,
      -0.38669721,
      0.0
    ],
    [
      -0.89446936,
      -0.00785047,
      0.44706044,
      0.0
    ],
    [
      -24.29386973,
      -3.10530111,
      81.98957026,
      1.0
    ]
  ],
  "NPC L Hand [LHnd]": [
    [
      -0.14882831,
      -0.76194787,
      -0.35020652,
      0.0
    ],
    [
      -0.79668703,
      0.01746462,
      0.3005725,
      0.0
    ],
    [
      -0.2617231,
      0.38011757,
      -0.71580069,
      0.0
    ],
    [
      -28.9358038,
      1.78591793,
      72.7878385,
      1.0
    ]
  ],
  "NPC L MagicNode [LMag]": [
    [
      -0.14882833,
      -0.76194787,
      -0.35020652,
      0.0
    ],
    [
      -0.79668703,
      0.01746465,
      0.30057249,
      0.0
    ],
    [
      -0.26172308,
      0.38011757,
      -0.71580069,
      0.0
    ],
    [
      -27.7350223,
      5.41743082,
      65.41202315,
      1.0
    ]
  ],
  "NPC L Pauldron": [
    [
      0.93551462,
      -0.00988362,
      0.35314977,
      0.0
    ],
    [
      0.0087275,
      0.99995006,
      0.00486618,
      0.0
    ],
    [
      -0.35318018,
      -0.00147022,
      0.93555421,
      0.0
    ],
    [
      -11.10700196,
      -3.07294288,
      104.85297775,
      1.0
    ]
  ],
  "NPC L Thigh [LThg]": [
    [
      -0.99427211,
      -0.03790548,
      0.09993106,
      0.0
    ],
    [
      -0.04137847,
      0.99860132,
      -0.03291259,
      0.0
    ],
    [
      -0.09854372,
      -0.03685907,
      -0.99444985,
      0.0
    ],
    [
      -6.6150734,
      0.00039436,
      68.91130066,
      1.0
    ]
  ],
  "NPC L Toe0 [LToe]": [
    [
      -0.96380982,
      -0.26659094,
      2.4e-07,
      0.0
    ],
    [
      2.5e-07,
      -8e-08,
      0.99999999,
      0.0
    ],
    [
      -0.26659094,
      0.96380984,
      1.6e-07,
      0.0
    ],
    [
      -15.12290885,
      2.51476249,
      0.05419995,
      1.0
    ]
  ],
  "NPC L UpperArm [LUar]": [
    [
      -0.90731876,
      -0.08738383,
      0.41126241,
      0.0
    ],
    [
      -0.07714027,
      0.99615715,
      0.0414753,
      0.0
    ],
    [
      -0.4133063,
      0.00590634,
      -0.91057296,
      0.0
    ],
    [
      -12.96893498,
      -5.22896217,
      106.52311929,
      1.0
    ]
  ],
  "NPC L UpperarmTwist1 [LUt1]": [
    [
      -0.41330585,
      0.00590638,
      -0.9105731,
      0.0
    ],
    [
      0.07714008,
      -0.99615716,
      -0.04147521,
      0.0
    ],
    [
      -0.90731894,
      -0.08738361,
      0.41126191,
      0.0
    ],
    [
      -12.9689285,
      -5.2289558,
      106.52311638,
      1.0
    ]
  ],
  "NPC L UpperarmTwist2 [LUt2]": [
    [
      -0.4133062,
      0.00590635,
      -0.91057294,
      0.0
    ],
    [
      0.07714049,
      -0.99615713,
      -0.0414754,
      0.0
    ],
    [
      -0.90731875,
      -0.08738407,
      0.41126224,
      0.0
    ],
    [
      -15.87873382,
      -5.18737209,
      100.1123763,
      1.0
    ]
  ],
  "NPC Neck [Neck]": [
    [
      0.99994388,
      -0.01039189,
      0.00205586,
      0.0
    ],
    [
      0.01059324,
      0.98151434,
      -0.1910951,
      0.0
    ],
    [
      -3.202e-05,
      0.19110615,
      0.98156935,
      0.0
    ],
    [
      -1.943e-05,
      -2.96032515,
      113.08708789,
      1.0
    ]
  ],
  "NPC Pelvis [Pelv]": [
    [
      1.0,
      0.0,
      -0.0,
      0.0
    ],
    [
      -0.0,
      1.0,
      0.0,
      0.0
    ],
    [
      -0.0,
      -0.0,
      1.0,
      0.0
    ],
    [
      -2.58e-06,
      -1.047e-05,
      68.91130066,
      1.0
    ]
  ],
  "NPC R Calf [RClf]": [
    [
      -0.99485122,
      0.022666,
      -0.09877994,
      0.0
    ],
    [
      0.03864876,
      0.98586367,
      -0.16303088,
      0.0
    ],
    [
      0.09368829,
      -0.16600917,
      -0.98166363,
      0.0
    ],
    [
      10.12192275,
      -1.31090688,
      33.5134962,
      1.0
    ]
  ],
  "NPC R Clavicle [RClv]": [
    [
      -0.44900703,
      -0.30509315,
      -0.83982789,
      0.0
    ],
    [
      0.39239291,
      0.77709267,
      -0.49209228,
      0.0
    ],
    [
      0.80275806,
      -0.55049539,
      -0.22920371,
      0.0
    ],
    [
      1.69510642,
      2.50222681,
      109.7420484,
      1.0
    ]
  ],
  "NPC R Finger00 [RF00]": [
    [
      -0.78624674,
      -0.16060152,
      0.28527513,
      0.0
    ],
    [
      0.13050578,
      0.52687351,
      0.65630124,
      0.0
    ],
    [
      -0.30023825,
      0.64959229,
      -0.46178516,
      0.0
    ],
    [
      28.55209976,
      4.82344516,
      71.41146683,
      1.0
    ]
  ],
  "NPC R Finger01 [RF01]": [
    [
      -0.82353438,
      -0.0570056,
      0.20952381,
      0.0
    ],
    [
      0.06671507,
      0.71562961,
      0.45692683,
      0.0
    ],
    [
      -0.20663731,
      0.45823935,
      -0.68751467,
      0.0
    ],
    [
      27.72460853,
      6.61379851,
      70.13872593,
      1.0
    ]
  ],
  "NPC R Finger02 [RF02]": [
    [
      -0.83264536,
      -0.03455259,
      0.17568873,
      0.0
    ],
    [
      0.05196616,
      0.75307019,
      0.39439012,
      0.0
    ],
    [
      -0.17134743,
      0.39629548,
      -0.73413126,
      0.0
    ],
    [
      27.22533306,
      7.72099382,
      68.47755966,
      1.0
    ]
  ],
  "NPC R Finger10 [RF10]": [
    [
      -0.05615178,
      0.76133841,
      0.37758383,
      0.0
    ],
    [
      0.84038798,
      0.1059882,
      -0.08873151,
      0.0
    ],
    [
      -0.12630821,
      0.36672747,
      -0.75823211,
      0.0
    ],
    [
      30.39688874,
      6.27081643,
      68.39556743,
      1.0
    ]
  ],
  "NPC R Finger11 [RF11]": [
    [
      -0.05615178,
      0.76133841,
      0.37758383,
      0.0
    ],
    [
      0.77734625,
      0.19893184,
      -0.28551294,
      0.0
    ],
    [
      -0.34342178,
      0.32580463,
      -0.70800534,
      0.0
    ],
    [
      30.13245305,
      7.03858985,
      66.80815417,
      1.0
    ]
  ],
  "NPC R Finger12 [RF12]": [
    [
      -0.05615173,
      0.76133843,
      0.37758381,
      0.0
    ],
    [
      0.6645496,
      0.27519893,
      -0.45606808,
      0.0
    ],
    [
      -0.52969762,
      0.26455257,
      -0.61220188,
      0.0
    ],
    [
      29.57885286,
      7.56379178,
      65.66684534,
      1.0
    ]
  ],
  "NPC R Finger20 [RF20]": [
    [
      0.00950909,
      0.78017802,
      0.34145373,
      0.0
    ],
    [
      0.83591608,
      0.0567377,
      -0.15291766,
      0.0
    ],
    [
      -0.1628268,
      0.33684101,
      -0.76510413,
      0.0
    ],
    [
      30.68103407,
      4.6953887,
      67.79692074,
      1.0
    ]
  ],
  "NPC R Finger21 [RF21]": [
    [
      0.00950917,
      0.780178,
      0.34145378,
      0.0
    ],
    [
      0.75246515,
      0.15222051,
      -0.36875977,
      0.0
    ],
    [
      -0.39882884,
      0.30579402,
      -0.68759313,
      0.0
    ],
    [
      30.23704263,
      5.6138795,
      65.71065122,
      1.0
    ]
  ],
  "NPC R Finger22 [RF22]": [
    [
      0.00950917,
      0.780178,
      0.34145378,
      0.0
    ],
    [
      0.60409267,
      0.23451509,
      -0.55266031,
      0.0
    ],
    [
      -0.60028354,
      0.24836212,
      -0.55075829,
      0.0
    ],
    [
      29.56261551,
      6.13098564,
      64.54791914,
      1.0
    ]
  ],
  "NPC R Finger30 [RF30]": [
    [
      0.14571878,
      0.7932779,
      0.27355982,
      0.0
    ],
    [
      0.81479278,
      -0.06739035,
      -0.23859997,
      0.0
    ],
    [
      -0.20059277,
      0.30253503,
      -0.77045041,
      0.0
    ],
    [
      30.40672546,
      3.32981193,
      67.26029805,
      1.0
    ]
  ],
  "NPC R Finger31 [RF31]": [
    [
      0.14571885,
      0.79327789,
      0.27355981,
      0.0
    ],
    [
      0.70736264,
      0.03323532,
      -0.47317244,
      0.0
    ],
    [
      -0.45140092,
      0.30816283,
      -0.65317044,
      0.0
    ],
    [
      29.95025724,
      4.01826509,
      65.50704767,
      1.0
    ]
  ],
  "NPC R Finger32 [RF32]": [
    [
      0.14571887,
      0.79327789,
      0.27355981,
      0.0
    ],
    [
      0.59259725,
      0.09929299,
      -0.60359594,
      0.0
    ],
    [
      -0.59409864,
      0.2936151,
      -0.53497264,
      0.0
    ],
    [
      29.17857098,
      4.54508449,
      64.3904268,
      1.0
    ]
  ],
  "NPC R Finger40 [RF40]": [
    [
      0.22599316,
      0.7878195,
      0.23157352,
      0.0
    ],
    [
      0.80909837,
      -0.17264119,
      -0.20227098,
      0.0
    ],
    [
      -0.14016292,
      0.27366803,
      -0.7942411,
      0.0
    ],
    [
      29.7148077,
      2.05009443,
      66.88993609,
      1.0
    ]
  ],
  "NPC R Finger41 [RF41]": [
    [
      0.22599317,
      0.78781949,
      0.23157355,
      0.0
    ],
    [
      0.72818801,
      -0.08126886,
      -0.43416162,
      0.0
    ],
    [
      -0.37951028,
      0.31320052,
      -0.69515191,
      0.0
    ],
    [
      29.50461963,
      2.46049034,
      65.69889058,
      1.0
    ]
  ],
  "NPC R Finger42 [RF42]": [
    [
      0.22599308,
      0.78781953,
      0.23157351,
      0.0
    ],
    [
      0.49524954,
      0.06081477,
      -0.69020881,
      0.0
    ],
    [
      -0.65499144,
      0.31780607,
      -0.44197774,
      0.0
    ],
    [
      28.92821298,
      2.93618465,
      64.64308211,
      1.0
    ]
  ],
  "NPC R Foot [Rft ]": [
    [
      -0.96303526,
      0.26936849,
      -0.00196767,
      0.0
    ],
    [
      0.15026455,
      0.54325338,
      0.8260124,
      0.0
    ],
    [
      0.22357064,
      0.79518327,
      -0.56364861,
      0.0
    ],
    [
      12.74048755,
      -5.95082088,
      6.07624787,
      1.0
    ]
  ],
  "NPC R Forearm [RLar]": [
    [
      -0.90731905,
      0.0875255,
      -0.41123165,
      0.0
    ],
    [
      -0.10584496,
      0.89904049,
      0.42488015,
      0.0
    ],
    [
      0.40690169,
      0.42902861,
      -0.80645241,
      0.0
    ],
    [
      22.40642646,
      -5.09402934,
      85.73109016,
      1.0
    ]
  ],
  "NPC R ForearmTwist1 [RLt1]": [
    [
      0.40688212,
      0.42903498,
      -0.8064589,
      0.0
    ],
    [
      -0.16696883,
      0.90289873,
      0.39610021,
      0.0
    ],
    [
      0.89809151,
      -0.02651255,
      0.43900883,
      0.0
    ],
    [
      26.52293906,
      -0.75339067,
      77.57197101,
      1.0
    ]
  ],
  "NPC R ForearmTwist2 [RLt2]": [
    [
      0.40690192,
      0.42903123,
      -0.8064509,
      0.0
    ],
    [
      -0.18080309,
      0.90320195,
      0.38927694,
      0.0
    ],
    [
      0.8954,
      -0.0125887,
      0.44508484,
      0.0
    ],
    [
      24.29412188,
      -3.10388203,
      81.9902509,
      1.0
    ]
  ],
  "NPC R Hand [RHnd]": [
    [
      -0.14882813,
      0.76182672,
      0.35046971,
      0.0
    ],
    [
      0.79668706,
      0.01736096,
      0.30057788,
      0.0
    ],
    [
      0.2617224,
      0.38036481,
      -0.7156694,
      0.0
    ],
    [
      28.93584432,
      1.79045366,
      72.79021261,
      1.0
    ]
  ],
  "NPC R MagicNode [RMag]": [
    [
      -0.1488281,
      0.76182673,
      0.35046968,
      0.0
    ],
    [
      0.79668707,
      0.01736095,
      0.30057787,
      0.0
    ],
    [
      0.2617224,
      0.38036478,
      -0.71566942,
      0.0
    ],
    [
      27.73505417,
      5.42451553,
      65.41565743,
      1.0
    ]
  ],
  "NPC R Pauldron": [
    [
      0.93551548,
      0.0098788,
      -0.3531476,
      0.0
    ],
    [
      -0.0087224,
      0.99995014,
      0.00486577,
      0.0
    ],
    [
      0.35317805,
      -0.00147165,
      0.93555502,
      0.0
    ],
    [
      11.10699821,
      -3.07297736,
      104.8530002,
      1.0
    ]
  ],
  "NPC R Thigh [RThg]": [
    [
      -0.9942745,
      0.03790764,
      -0.09990688,
      0.0
    ],
    [
      0.04137785,
      0.99860197,
      -0.03289362,
      0.0
    ],
    [
      0.09852029,
      -0.03683922,
      -0.99445295,
      0.0
    ],
    [
      6.61506824,
      0.00039436,
      68.91130066,
      1.0
    ]
  ],
  "NPC R Toe0 [RToe]": [
    [
      -0.96380983,
      0.2665911,
      1.8e-07,
      0.0
    ],
    [
      1.7e-07,
      -1.5e-07,
      1.00000004,
      0.0
    ],
    [
      0.26659112,
      0.96380977,
      1.6e-07,
      0.0
    ],
    [
      15.12151615,
      2.51787917,
      0.05362832,
      1.0
    ]
  ],
  "NPC R UpperArm [RUar]": [
    [
      -0.90731904,
      0.08738354,
      -0.41126183,
      0.0
    ],
    [
      0.07713995,
      0.99615723,
      0.04147533,
      0.0
    ],
    [
      0.41330565,
      0.00590661,
      -0.91057322,
      0.0
    ],
    [
      12.96900357,
      -5.22890326,
      106.52312205,
      1.0
    ]
  ],
  "NPC R UpperarmTwist1 [RUt1]": [
    [
      0.41330489,
      0.00590666,
      -0.91057356,
      0.0
    ],
    [
      0.06632485,
      0.99712759,
      0.03657268,
      0.0
    ],
    [
      0.90817406,
      -0.07550931,
      0.41172603,
      0.0
    ],
    [
      12.96901049,
      -5.22890393,
      106.52312519,
      1.0
    ]
  ],
  "NPC R UpperarmTwist2 [RUt2]": [
    [
      0.41330492,
      0.00590668,
      -0.91057355,
      0.0
    ],
    [
      0.06638962,
      0.9971222,
      0.03660207,
      0.0
    ],
    [
      0.90816932,
      -0.07558043,
      0.41172345,
      0.0
    ],
    [
      15.87880823,
      -5.18731872,
      100.11237673,
      1.0
    ]
  ],
  "NPC Root [Root]": [
    [
      1.0,
      1e-07,
      0.0,
      0.0
    ],
    [
      -1e-07,
      1.0,
      2.3e-07,
      0.0
    ],
    [
      0.0,
      -2.3e-07,
      1.0,
      0.0
    ],
    [
      0.0,
      -2.4e-07,
      -0.0,
      1.0
    ]
  ],
  "NPC Spine [Spn0]": [
    [
      1.0,
      -1.22e-06,
      1.2e-07,
      0.0
    ],
    [
      1.23e-06,
      0.99904961,
      -0.04358745,
      0.0
    ],
    [
      -7e-08,
      0.04358745,
      0.99904961,
      0.0
    ],
    [
      6.93e-06,
      -5.23986233,
      72.70291782,
      1.0
    ]
  ],
  "NPC Spine1 [Spn1]": [
    [
      1.0,
      -1.31e-06,
      6e-08,
      0.0
    ],
    [
      1.3e-06,
      0.99424995,
      0.10708414,
      0.0
    ],
    [
      -2e-07,
      -0.10708414,
      0.99424995,
      0.0
    ],
    [
      6.34e-06,
      -4.85852708,
      81.44332138,
      1.0
    ]
  ],
  "NPC Spine2 [Spn2]": [
    [
      1.0,
      -2.57e-06,
      8e-07,
      0.0
    ],
    [
      2.66e-06,
      0.99103346,
      -0.1336138,
      0.0
    ],
    [
      -4.5e-07,
      0.1336138,
      0.99103346,
      0.0
    ],
    [
      4.45e-06,
      -5.9318191,
      91.24883883,
      1.0
    ]
  ],
  "NPCEyeBone": [
    [
      0.99999997,
      -4e-08,
      5e-08,
      0.0
    ],
    [
      4e-08,
      0.99999998,
      1.1e-07,
      0.0
    ],
    [
      -5e-08,
      -1.3e-07,
      0.99999998,
      0.0
    ],
    [
      -0.00098754,
      6.55267188,
      124.04827964,
      1.0
    ]
  ],
  "QUIVER": [
    [
      -0.91039251,
      0.0383904,
      0.41196091,
      0.0
    ],
    [
      -0.41298323,
      -0.02389082,
      -0.91042524,
      0.0
    ],
    [
      -0.02510952,
      -0.9989772,
      0.03760455,
      0.0
    ],
    [
      -7.27842167,
      -14.17236201,
      75.39255336,
      1.0
    ]
  ],
  "SHIELD": [
    [
      0.02654382,
      0.35122051,
      -0.77543445,
      0.0
    ],
    [
      0.14882842,
      0.76194784,
      0.35020653,
      0.0
    ],
    [
      0.83815552,
      -0.14641934,
      -0.03762744,
      0.0
    ],
    [
      -28.86998041,
      4.46474352,
      66.9315069,
      1.0
    ]
  ],
  "SkirtBBone01": [
    [
      1.0,
      3.5e-07,
      -1.78e-06,
      0.0
    ],
    [
      6.1e-07,
      -0.98923922,
      0.14630736,
      0.0
    ],
    [
      -1.71e-06,
      -0.14630736,
      -0.98923922,
      0.0
    ],
    [
      -0.0,
      -11.24628828,
      77.85964966,
      1.0
    ]
  ],
  "SkirtBBone02": [
    [
      1.0,
      2.9e-07,
      -1.58e-06,
      0.0
    ],
    [
      5.2e-07,
      -0.98923921,
      0.14630741,
      0.0
    ],
    [
      -1.52e-06,
      -0.14630741,
      -0.98923921,
      0.0
    ],
    [
      -2.206e-05,
      -13.13609136,
      65.08197897,
      1.0
    ]
  ],
  "SkirtBBone03": [
    [
      1.0,
      2.3e-07,
      -1.38e-06,
      0.0
    ],
    [
      4.3e-07,
      -0.9892392,
      0.14630745,
      0.0
    ],
    [
      -1.33e-06,
      -0.14630745,
      -0.9892392,
      0.0
    ],
    [
      -4.169e-05,
      -15.02589501,
      52.30430836,
      1.0
    ]
  ],
  "SkirtFBone01": [
    [
      -1.00000024,
      4.43e-06,
      1.473e-05,
      0.0
    ],
    [
      4.83e-06,
      0.99963033,
      0.02718922,
      0.0
    ],
    [
      -1.46e-05,
      0.02718922,
      -0.99963045,
      0.0
    ],
    [
      -0.0,
      11.9315634,
      74.64398193,
      1.0
    ]
  ],
  "SkirtFBone02": [
    [
      -1.00000024,
      3.96e-06,
      1.395e-05,
      0.0
    ],
    [
      4.34e-06,
      0.99963034,
      0.02718904,
      0.0
    ],
    [
      -1.384e-05,
      0.02718904,
      -0.99963046,
      0.0
    ],
    [
      -0.00018859,
      12.28275747,
      61.73208924,
      1.0
    ]
  ],
  "SkirtFBone03": [
    [
      -1.00000024,
      3.49e-06,
      1.318e-05,
      0.0
    ],
    [
      3.85e-06,
      0.99963034,
      0.02718886,
      0.0
    ],
    [
      -1.308e-05,
      0.02718886,
      -0.99963046,
      0.0
    ],
    [
      -0.00036735,
      12.63394923,
      48.82019363,
      1.0
    ]
  ],
  "SkirtLBone01": [
    [
      -1.2e-07,
      -0.99999994,
      -1.7e-06,
      0.0
    ],
    [
      -0.98480767,
      -1.2e-07,
      0.17364816,
      0.0
    ],
    [
      -0.17364816,
      1.7e-06,
      -0.98480761,
      0.0
    ],
    [
      -15.08270904,
      -1.29833732,
      76.23293304,
      1.0
    ]
  ],
  "SkirtLBone02": [
    [
      -4e-08,
      -0.99999994,
      -3e-06,
      0.0
    ],
    [
      -0.99622279,
      -1.6e-07,
      0.08683337,
      0.0
    ],
    [
      -0.08683337,
      3e-06,
      -0.99622273,
      0.0
    ],
    [
      -17.32566585,
      -1.29831523,
      63.51250326,
      1.0
    ]
  ],
  "SkirtLBone03": [
    [
      -1.3e-07,
      -0.99999994,
      2.07e-06,
      0.0
    ],
    [
      -0.99999994,
      1.9e-07,
      2e-08,
      0.0
    ],
    [
      -1e-08,
      -2.07e-06,
      -0.99999989,
      0.0
    ],
    [
      -18.44726422,
      -1.29827657,
      50.6446184,
      1.0
    ]
  ],
  "SkirtRBone01": [
    [
      -4.8e-07,
      1.0,
      4.46e-06,
      0.0
    ],
    [
      0.98480666,
      -2.4e-07,
      0.17365444,
      0.0
    ],
    [
      0.17365444,
      4.47e-06,
      -0.98480654,
      0.0
    ],
    [
      15.08270387,
      -1.29833732,
      76.23293304,
      1.0
    ]
  ],
  "SkirtRBone02": [
    [
      -4.1e-07,
      1.0,
      5.74e-06,
      0.0
    ],
    [
      0.99622214,
      -3e-08,
      0.0868415,
      0.0
    ],
    [
      0.08684149,
      5.75e-06,
      -0.99622202,
      0.0
    ],
    [
      17.3257398,
      -1.29827922,
      63.51251872,
      1.0
    ]
  ],
  "SkirtRBone03": [
    [
      -5.3e-07,
      1.0,
      9.8e-07,
      0.0
    ],
    [
      1.00000001,
      5.9e-07,
      1.007e-05,
      0.0
    ],
    [
      1.005e-05,
      9.7e-07,
      -0.9999999,
      0.0
    ],
    [
      18.44744563,
      -1.29820537,
      50.64464426,
      1.0
    ]
  ],
  "WEAPON": [
    [
      -0.26172266,
      -0.38036509,
      0.71566988,
      0.0
    ],
    [
      -0.14882833,
      0.76182726,
      0.35046992,
      0.0
    ],
    [
      -0.7966876,
      -0.01736102,
      -0.30057817,
      0.0
    ],
    [
      28.87001327,
      4.47130281,
      66.93480891,
      1.0
    ]
  ],
  "WeaponAxe": [
    [
      0.54806954,
      -0.76197028,
      0.34499437,
      0.0
    ],
    [
      -0.26751697,
      0.23110998,
      0.93542659,
      0.0
    ],
    [
      -0.79249889,
      -0.60497069,
      -0.07717562,
      0.0
    ],
    [
      18.99148873,
      -2.99356793,
      49.86238098,
      1.0
    ]
  ],
  "WeaponBack": [
    [
      0.93388458,
      -0.03344746,
      -0.3560067,
      0.0
    ],
    [
      -0.35755071,
      -0.07587472,
      -0.93080633,
      0.0
    ],
    [
      0.00412122,
      0.99655615,
      -0.08281739,
      0.0
    ],
    [
      12.54890967,
      -8.39199607,
      120.49078397,
      1.0
    ]
  ],
  "WeaponBow": [
    [
      -0.86876339,
      0.24726813,
      0.42907898,
      0.0
    ],
    [
      -0.45601617,
      -0.06153634,
      -0.88784153,
      0.0
    ],
    [
      -0.193131,
      -0.96699112,
      0.16621864,
      0.0
    ],
    [
      -3.55806967,
      -16.08528419,
      95.10533085,
      1.0
    ]
  ],
  "WeaponDagger": [
    [
      -0.62708671,
      -0.71956697,
      0.29830549,
      0.0
    ],
    [
      -0.26663503,
      -0.16153612,
      -0.95016431,
      0.0
    ],
    [
      0.73189381,
      -0.67537387,
      -0.09056474,
      0.0
    ],
    [
      -8.60921641,
      5.78743746,
      71.90265656,
      1.0
    ]
  ],
  "WeaponMace": [
    [
      0.00808424,
      0.94594872,
      -0.32421547,
      0.0
    ],
    [
      0.09612921,
      -0.32345963,
      -0.94134641,
      0.0
    ],
    [
      -0.995336,
      -0.0235565,
      -0.0935483,
      0.0
    ],
    [
      12.36928491,
      -3.39527009,
      72.07944489,
      1.0
    ]
  ],
  "WeaponSword": [
    [
      0.06853902,
      -0.80751479,
      0.58585179,
      0.0
    ],
    [
      -0.21068835,
      -0.58570409,
      -0.78266281,
      0.0
    ],
    [
      0.9751476,
      -0.06978917,
      -0.21027756,
      0.0
    ],
    [
      -11.89147826,
      1.91688218,
      75.5773468,
      1.0
    ]
  ]
}